        0.0000000000        0.0000000000       -5.9606226000
        0.0249863580        0.0087000000       -5.9592621000
        0.0500014360        0.0174100000       -5.9538201000
        0.0749877940        0.0261100000       -5.9456571000
        0.1000028720        0.0348200000       -5.9347731000
        0.1249892300        0.0435200000       -5.9211681000
        0.1500043080        0.0522300000       -5.9034816000
        0.1749906660        0.0609300000       -5.8830741000
        0.2000057440        0.0696400000       -5.8599456000
        0.2249921020        0.0783400000       -5.8340961000
        0.2500071800        0.0870500000       -5.8041651000
        0.2749935380        0.0957500000       -5.7728736000
        0.3000086160        0.1044600000       -5.7375006000
        0.3249949740        0.1131600000       -5.6994066000
        0.3500100520        0.1218700000       -5.6572311000
        0.3749964100        0.1305700000       -5.6136951000
        0.4000114880        0.1392800000       -5.5674381000
        0.4249978460        0.1479800000       -5.5170996000
        0.4500129240        0.1566900000       -5.4654006000
        0.4749992820        0.1653900000       -5.4096201000
        0.4999856400        0.1740900000       -5.3524791000
        0.5250007180        0.1828000000       -5.2912566000
        0.5499870760        0.1915000000       -5.2286736000
        0.5750021540        0.2002100000       -5.1633696000
        0.5999885120        0.2089100000       -5.0967051000
        0.6250035900        0.2176200000       -5.0259591000
        0.6499899480        0.2263200000       -4.9647366000
        0.6750050260        0.2350300000       -4.9470501000
        0.6999913840        0.2437300000       -4.9280031000
        0.7250064620        0.2524400000       -4.9075956000
        0.7499928200        0.2611400000       -4.8885486000
        0.7750078980        0.2698500000       -4.8681411000
        0.7999942560        0.2785500000       -4.8490941000
        0.8250093340        0.2872600000       -4.8286866000
        0.8499956920        0.2959600000       -4.8096396000
        0.8750107700        0.3046700000       -4.7919531000
        0.8999971280        0.3133700000       -4.7756271000
        0.9249834860        0.3220700000       -4.7620221000
        0.9499985640        0.3307800000       -4.7511381000
        0.9749849220        0.3394800000       -4.7443356000
        1.0000000000        0.3481900000       -4.7416146000
 
        0.0000000000        0.0000000000       -5.3606421000
        0.0249863580        0.0087000000       -5.3592816000
        0.0500014360        0.0174100000       -5.3538396000
        0.0749877940        0.0261100000       -5.3456766000
        0.1000028720        0.0348200000       -5.3334321000
        0.1249892300        0.0435200000       -5.3184666000
        0.1500043080        0.0522300000       -5.3007801000
        0.1749906660        0.0609300000       -5.2790121000
        0.2000057440        0.0696400000       -5.2545231000
        0.2249921020        0.0783400000       -5.2259526000
        0.2500071800        0.0870500000       -5.1946611000
        0.2749935380        0.0957500000       -5.1674511000
        0.3000086160        0.1044600000       -5.1592881000
        0.3249949740        0.1131600000       -5.1497646000
        0.3500100520        0.1218700000       -5.1388806000
        0.3749964100        0.1305700000       -5.1293571000
        0.4000114880        0.1392800000       -5.1171126000
        0.4249978460        0.1479800000       -5.1048681000
        0.4500129240        0.1566900000       -5.0926236000
        0.4749992820        0.1653900000       -5.0790186000
        0.4999856400        0.1740900000       -5.0640531000
        0.5250007180        0.1828000000       -5.0490876000
        0.5499870760        0.1915000000       -5.0341221000
        0.5750021540        0.2002100000       -5.0177961000
        0.5999885120        0.2089100000       -5.0001096000
        0.6250035900        0.2176200000       -4.9824231000
        0.6499899480        0.2263200000       -4.9647366000
        0.6750050260        0.2350300000       -4.9470501000
        0.6999913840        0.2437300000       -4.9280031000
        0.7250064620        0.2524400000       -4.9075956000
        0.7499928200        0.2611400000       -4.8885486000
        0.7750078980        0.2698500000       -4.8681411000
        0.7999942560        0.2785500000       -4.8490941000
        0.8250093340        0.2872600000       -4.8286866000
        0.8499956920        0.2959600000       -4.8096396000
        0.8750107700        0.3046700000       -4.7919531000
        0.8999971280        0.3133700000       -4.7756271000
        0.9249834860        0.3220700000       -4.7620221000
        0.9499985640        0.3307800000       -4.7511381000
        0.9749849220        0.3394800000       -4.7443356000
        1.0000000000        0.3481900000       -4.7416146000
 
        0.0000000000        0.0000000000       -5.2123476000
        0.0249863580        0.0087000000       -5.2123476000
        0.0500014360        0.0174100000       -5.2109871000
        0.0749877940        0.0261100000       -5.2082661000
        0.1000028720        0.0348200000       -5.2069056000
        0.1249892300        0.0435200000       -5.2028241000
        0.1500043080        0.0522300000       -5.1987426000
        0.1749906660        0.0609300000       -5.1946611000
        0.2000057440        0.0696400000       -5.1878586000
        0.2249921020        0.0783400000       -5.1824166000
        0.2500071800        0.0870500000       -5.1756141000
        0.2749935380        0.0957500000       -5.1674511000
        0.3000086160        0.1044600000       -5.1592881000
        0.3249949740        0.1131600000       -5.1497646000
        0.3500100520        0.1218700000       -5.1388806000
        0.3749964100        0.1305700000       -5.1293571000
        0.4000114880        0.1392800000       -5.1171126000
        0.4249978460        0.1479800000       -5.1048681000
        0.4500129240        0.1566900000       -5.0926236000
        0.4749992820        0.1653900000       -5.0790186000
        0.4999856400        0.1740900000       -5.0640531000
        0.5250007180        0.1828000000       -5.0490876000
        0.5499870760        0.1915000000       -5.0341221000
        0.5750021540        0.2002100000       -5.0177961000
        0.5999885120        0.2089100000       -5.0001096000
        0.6250035900        0.2176200000       -4.9824231000
        0.6499899480        0.2263200000       -4.9538526000
        0.6750050260        0.2350300000       -4.8790251000
        0.6999913840        0.2437300000       -4.8028371000
        0.7250064620        0.2524400000       -4.7239281000
        0.7499928200        0.2611400000       -4.6422981000
        0.7750078980        0.2698500000       -4.5593076000
        0.7999942560        0.2785500000       -4.4749566000
        0.8250093340        0.2872600000       -4.3878846000
        0.8499956920        0.2959600000       -4.3157781000
        0.8750107700        0.3046700000       -4.3402671000
        0.8999971280        0.3133700000       -4.3620351000
        0.9249834860        0.3220700000       -4.3810821000
        0.9499985640        0.3307800000       -4.3946871000
        0.9749849220        0.3394800000       -4.4042106000
        1.0000000000        0.3481900000       -4.4069316000
 
        0.0000000000        0.0000000000       -5.2123476000
        0.0249863580        0.0087000000       -5.2123476000
        0.0500014360        0.0174100000       -5.2109871000
        0.0749877940        0.0261100000       -5.2082661000
        0.1000028720        0.0348200000       -5.2069056000
        0.1249892300        0.0435200000       -5.2028241000
        0.1500043080        0.0522300000       -5.1987426000
        0.1749906660        0.0609300000       -5.1946611000
        0.2000057440        0.0696400000       -5.1878586000
        0.2249921020        0.0783400000       -5.1824166000
        0.2500071800        0.0870500000       -5.1756141000
        0.2749935380        0.0957500000       -5.1606486000
        0.3000086160        0.1044600000       -5.1239151000
        0.3249949740        0.1131600000       -5.0831001000
        0.3500100520        0.1218700000       -5.0395641000
        0.3749964100        0.1305700000       -4.9933071000
        0.4000114880        0.1392800000       -4.9443291000
        0.4249978460        0.1479800000       -4.8926301000
        0.4500129240        0.1566900000       -4.8368496000
        0.4749992820        0.1653900000       -4.7797086000
        0.4999856400        0.1740900000       -4.7184861000
        0.5250007180        0.1828000000       -4.6559031000
        0.5499870760        0.1915000000       -4.5905991000
        0.5750021540        0.2002100000       -4.5225741000
        0.5999885120        0.2089100000       -4.4518281000
        0.6250035900        0.2176200000       -4.3797216000
        0.6499899480        0.2263200000       -4.3048941000
        0.6750050260        0.2350300000       -4.2273456000
        0.6999913840        0.2437300000       -4.1470761000
        0.7250064620        0.2524400000       -4.1661231000
        0.7499928200        0.2611400000       -4.1974146000
        0.7750078980        0.2698500000       -4.2287061000
        0.7999942560        0.2785500000       -4.2599976000
        0.8250093340        0.2872600000       -4.2885681000
        0.8499956920        0.2959600000       -4.3157781000
        0.8750107700        0.3046700000       -4.3402671000
        0.8999971280        0.3133700000       -4.3620351000
        0.9249834860        0.3220700000       -4.3810821000
        0.9499985640        0.3307800000       -4.3946871000
        0.9749849220        0.3394800000       -4.4042106000
        1.0000000000        0.3481900000       -4.4069316000
 
        0.0000000000        0.0000000000       -3.4069641000
        0.0249863580        0.0087000000       -3.4083246000
        0.0500014360        0.0174100000       -3.4124061000
        0.0749877940        0.0261100000       -3.4205691000
        0.1000028720        0.0348200000       -3.4300926000
        0.1249892300        0.0435200000       -3.4436976000
        0.1500043080        0.0522300000       -3.4586631000
        0.1749906660        0.0609300000       -3.4763496000
        0.2000057440        0.0696400000       -3.4967571000
        0.2249921020        0.0783400000       -3.5198856000
        0.2500071800        0.0870500000       -3.5430141000
        0.2749935380        0.0957500000       -3.5702241000
        0.3000086160        0.1044600000       -3.5974341000
        0.3249949740        0.1131600000       -3.6260046000
        0.3500100520        0.1218700000       -3.6559356000
        0.3749964100        0.1305700000       -3.6872271000
        0.4000114880        0.1392800000       -3.7198791000
        0.4249978460        0.1479800000       -3.7538916000
        0.4500129240        0.1566900000       -3.7865436000
        0.4749992820        0.1653900000       -3.8205561000
        0.4999856400        0.1740900000       -3.8559291000
        0.5250007180        0.1828000000       -3.8899416000
        0.5499870760        0.1915000000       -3.9253146000
        0.5750021540        0.2002100000       -3.9606876000
        0.5999885120        0.2089100000       -3.9947001000
        0.6250035900        0.2176200000       -4.0300731000
        0.6499899480        0.2263200000       -4.0640856000
        0.6750050260        0.2350300000       -4.0994586000
        0.6999913840        0.2437300000       -4.1321106000
        0.7250064620        0.2524400000       -4.1661231000
        0.7499928200        0.2611400000       -4.1974146000
        0.7750078980        0.2698500000       -4.2287061000
        0.7999942560        0.2785500000       -4.2599976000
        0.8250093340        0.2872600000       -4.2885681000
        0.8499956920        0.2959600000       -4.2994521000
        0.8750107700        0.3046700000       -4.2096591000
        0.8999971280        0.3133700000       -4.1185056000
        0.9249834860        0.3220700000       -4.0246311000
        0.9499985640        0.3307800000       -3.9307566000
        0.9749849220        0.3394800000       -3.8341611000
        1.0000000000        0.3481900000       -3.7362051000
 
        0.0000000000        0.0000000000       -3.4069641000
        0.0249863580        0.0087000000       -3.4083246000
        0.0500014360        0.0174100000       -3.4124061000
        0.0749877940        0.0261100000       -3.4205691000
        0.1000028720        0.0348200000       -3.4300926000
        0.1249892300        0.0435200000       -3.4436976000
        0.1500043080        0.0522300000       -3.4586631000
        0.1749906660        0.0609300000       -3.4763496000
        0.2000057440        0.0696400000       -3.4967571000
        0.2249921020        0.0783400000       -3.5198856000
        0.2500071800        0.0870500000       -3.5430141000
        0.2749935380        0.0957500000       -3.5702241000
        0.3000086160        0.1044600000       -3.5974341000
        0.3249949740        0.1131600000       -3.6260046000
        0.3500100520        0.1218700000       -3.6559356000
        0.3749964100        0.1305700000       -3.6872271000
        0.4000114880        0.1392800000       -3.7198791000
        0.4249978460        0.1479800000       -3.7538916000
        0.4500129240        0.1566900000       -3.7865436000
        0.4749992820        0.1653900000       -3.8205561000
        0.4999856400        0.1740900000       -3.8559291000
        0.5250007180        0.1828000000       -3.8899416000
        0.5499870760        0.1915000000       -3.9253146000
        0.5750021540        0.2002100000       -3.9606876000
        0.5999885120        0.2089100000       -3.9947001000
        0.6250035900        0.2176200000       -4.0300731000
        0.6499899480        0.2263200000       -4.0640856000
        0.6750050260        0.2350300000       -4.0994586000
        0.6999913840        0.2437300000       -4.1321106000
        0.7250064620        0.2524400000       -4.0668066000
        0.7499928200        0.2611400000       -3.9824556000
        0.7750078980        0.2698500000       -3.8981046000
        0.7999942560        0.2785500000       -3.8110326000
        0.8250093340        0.2872600000       -3.7226001000
        0.8499956920        0.2959600000       -3.6314466000
        0.8750107700        0.3046700000       -3.5402931000
        0.8999971280        0.3133700000       -3.4477791000
        0.9249834860        0.3220700000       -3.4382556000
        0.9499985640        0.3307800000       -3.5389326000
        0.9749849220        0.3394800000       -3.6382491000
        1.0000000000        0.3481900000       -3.7362051000
 
        0.0000000000        0.0000000000       -1.4097501000
        0.0249863580        0.0087000000       -1.4083896000
        0.0500014360        0.0174100000       -1.4043081000
        0.0749877940        0.0261100000       -1.3975056000
        0.1000028720        0.0348200000       -1.3893426000
        0.1249892300        0.0435200000       -1.3784586000
        0.1500043080        0.0522300000       -1.3648536000
        0.1749906660        0.0609300000       -1.3498881000
        0.2000057440        0.0696400000       -1.3322016000
        0.2249921020        0.0783400000       -1.3131546000
        0.2500071800        0.0870500000       -1.2927471000
        0.2749935380        0.0957500000       -1.2709791000
        0.3000086160        0.1044600000       -1.2478506000
        0.3249949740        0.1131600000       -1.2247221000
        0.3500100520        0.1218700000       -1.2002331000
        0.3749964100        0.1305700000       -1.2138381000
        0.4000114880        0.1392800000       -1.3022706000
        0.4249978460        0.1479800000       -1.3934241000
        0.4500129240        0.1566900000       -1.4859381000
        0.4749992820        0.1653900000       -1.5811731000
        0.4999856400        0.1740900000       -1.6791291000
        0.5250007180        0.1828000000       -1.7770851000
        0.5499870760        0.1915000000       -1.8777621000
        0.5750021540        0.2002100000       -1.9838811000
        0.5999885120        0.2089100000       -2.0872791000
        0.6250035900        0.2176200000       -2.1906771000
        0.6499899480        0.2263200000       -2.2940751000
        0.6750050260        0.2350300000       -2.3988336000
        0.6999913840        0.2437300000       -2.5035921000
        0.7250064620        0.2524400000       -2.6083506000
        0.7499928200        0.2611400000       -2.7131091000
        0.7750078980        0.2698500000       -2.8178676000
        0.7999942560        0.2785500000       -2.9226261000
        0.8250093340        0.2872600000       -3.0273846000
        0.8499956920        0.2959600000       -3.1307826000
        0.8750107700        0.3046700000       -3.2341806000
        0.8999971280        0.3133700000       -3.3362181000
        0.9249834860        0.3220700000       -3.3525441000
        0.9499985640        0.3307800000       -3.2573091000
        0.9749849220        0.3394800000       -3.1607136000
        1.0000000000        0.3481900000       -3.0627576000
 
        0.0000000000        0.0000000000       -1.4097501000
        0.0249863580        0.0087000000       -1.4083896000
        0.0500014360        0.0174100000       -1.4043081000
        0.0749877940        0.0261100000       -1.3975056000
        0.1000028720        0.0348200000       -1.3893426000
        0.1249892300        0.0435200000       -1.3784586000
        0.1500043080        0.0522300000       -1.3648536000
        0.1749906660        0.0609300000       -1.3498881000
        0.2000057440        0.0696400000       -1.3322016000
        0.2249921020        0.0783400000       -1.3131546000
        0.2500071800        0.0870500000       -1.2927471000
        0.2749935380        0.0957500000       -1.2709791000
        0.3000086160        0.1044600000       -1.2478506000
        0.3249949740        0.1131600000       -1.2247221000
        0.3500100520        0.1218700000       -1.2002331000
        0.3749964100        0.1305700000       -1.1757441000
        0.4000114880        0.1392800000       -1.1498946000
        0.4249978460        0.1479800000       -1.1240451000
        0.4500129240        0.1566900000       -1.0995561000
        0.4749992820        0.1653900000       -1.0737066000
        0.4999856400        0.1740900000       -1.1254056000
        0.5250007180        0.1828000000       -1.2097566000
        0.5499870760        0.1915000000       -1.2981891000
        0.5750021540        0.2002100000       -1.3879821000
        0.5999885120        0.2089100000       -1.4791356000
        0.6250035900        0.2176200000       -1.5730101000
        0.6499899480        0.2263200000       -1.6682451000
        0.6750050260        0.2350300000       -1.7648406000
        0.6999913840        0.2437300000       -1.8627966000
        0.7250064620        0.2524400000       -1.9607526000
        0.7499928200        0.2611400000       -2.0600691000
        0.7750078980        0.2698500000       -2.1607461000
        0.7999942560        0.2785500000       -2.2614231000
        0.8250093340        0.2872600000       -2.3621001000
        0.8499956920        0.2959600000       -2.4627771000
        0.8750107700        0.3046700000       -2.5634541000
        0.8999971280        0.3133700000       -2.6641311000
        0.9249834860        0.3220700000       -2.7648081000
        0.9499985640        0.3307800000       -2.8654851000
        0.9749849220        0.3394800000       -2.9648016000
        1.0000000000        0.3481900000       -3.0627576000
 
        0.0000000000        0.0000000000       -0.4342716000
        0.0249863580        0.0087000000       -0.4383531000
        0.0500014360        0.0174100000       -0.4533186000
        0.0749877940        0.0261100000       -0.4764471000
        0.1000028720        0.0348200000       -0.5063781000
        0.1249892300        0.0435200000       -0.5444721000
        0.1500043080        0.0522300000       -0.5893686000
        0.1749906660        0.0609300000       -0.6397071000
        0.2000057440        0.0696400000       -0.6968481000
        0.2249921020        0.0783400000       -0.7580706000
        0.2500071800        0.0870500000       -0.8233746000
        0.2749935380        0.0957500000       -0.8941206000
        0.3000086160        0.1044600000       -0.9689481000
        0.3249949740        0.1131600000       -1.0478571000
        0.3500100520        0.1218700000       -1.1294871000
        0.3749964100        0.1305700000       -1.1757441000
        0.4000114880        0.1392800000       -1.1498946000
        0.4249978460        0.1479800000       -1.1240451000
        0.4500129240        0.1566900000       -1.0995561000
        0.4749992820        0.1653900000       -1.0737066000
        0.4999856400        0.1740900000       -1.0478571000
        0.5250007180        0.1828000000       -1.0233681000
        0.5499870760        0.1915000000       -0.9988791000
        0.5750021540        0.2002100000       -0.9757506000
        0.5999885120        0.2089100000       -0.9526221000
        0.6250035900        0.2176200000       -0.9308541000
        0.6499899480        0.2263200000       -0.9104466000
        0.6750050260        0.2350300000       -0.8900391000
        0.6999913840        0.2437300000       -0.8709921000
        0.7250064620        0.2524400000       -0.8533056000
        0.7499928200        0.2611400000       -0.8369796000
        0.7750078980        0.2698500000       -0.8220141000
        0.7999942560        0.2785500000       -0.8084091000
        0.8250093340        0.2872600000       -0.7961646000
        0.8499956920        0.2959600000       -0.7852806000
        0.8750107700        0.3046700000       -0.7771176000
        0.8999971280        0.3133700000       -0.7689546000
        0.9249834860        0.3220700000       -0.7635126000
        0.9499985640        0.3307800000       -0.7594311000
        0.9749849220        0.3394800000       -0.7567101000
        1.0000000000        0.3481900000       -0.7553496000
 
        0.0000000000        0.0000000000       -0.2764536000
        0.0249863580        0.0087000000       -0.2778141000
        0.0500014360        0.0174100000       -0.2818956000
        0.0749877940        0.0261100000       -0.2886981000
        0.1000028720        0.0348200000       -0.2995821000
        0.1249892300        0.0435200000       -0.3159081000
        0.1500043080        0.0522300000       -0.3363156000
        0.1749906660        0.0609300000       -0.3621651000
        0.2000057440        0.0696400000       -0.3934566000
        0.2249921020        0.0783400000       -0.4288296000
        0.2500071800        0.0870500000       -0.4696446000
        0.2749935380        0.0957500000       -0.5172621000
        0.3000086160        0.1044600000       -0.5676006000
        0.3249949740        0.1131600000       -0.6233811000
        0.3500100520        0.1218700000       -0.6846036000
        0.3749964100        0.1305700000       -0.7485471000
        0.4000114880        0.1392800000       -0.8165721000
        0.4249978460        0.1479800000       -0.8900391000
        0.4500129240        0.1566900000       -0.9648666000
        0.4749992820        0.1653900000       -1.0437756000
        0.4999856400        0.1740900000       -1.0478571000
        0.5250007180        0.1828000000       -1.0233681000
        0.5499870760        0.1915000000       -0.9988791000
        0.5750021540        0.2002100000       -0.9757506000
        0.5999885120        0.2089100000       -0.9526221000
        0.6250035900        0.2176200000       -0.9308541000
        0.6499899480        0.2263200000       -0.9104466000
        0.6750050260        0.2350300000       -0.8900391000
        0.6999913840        0.2437300000       -0.8709921000
        0.7250064620        0.2524400000       -0.8533056000
        0.7499928200        0.2611400000       -0.8369796000
        0.7750078980        0.2698500000       -0.8220141000
        0.7999942560        0.2785500000       -0.8084091000
        0.8250093340        0.2872600000       -0.7961646000
        0.8499956920        0.2959600000       -0.7852806000
        0.8750107700        0.3046700000       -0.7771176000
        0.8999971280        0.3133700000       -0.7689546000
        0.9249834860        0.3220700000       -0.7635126000
        0.9499985640        0.3307800000       -0.7594311000
        0.9749849220        0.3394800000       -0.7567101000
        1.0000000000        0.3481900000       -0.7553496000
 
        0.0000000000        0.0000000000       -0.2165916000
        0.0249863580        0.0087000000       -0.2152311000
        0.0500014360        0.0174100000       -0.2152311000
        0.0749877940        0.0261100000       -0.2138706000
        0.1000028720        0.0348200000       -0.2138706000
        0.1249892300        0.0435200000       -0.2125101000
        0.1500043080        0.0522300000       -0.2097891000
        0.1749906660        0.0609300000       -0.2084286000
        0.2000057440        0.0696400000       -0.2057076000
        0.2249921020        0.0783400000       -0.2029866000
        0.2500071800        0.0870500000       -0.2002656000
        0.2749935380        0.0957500000       -0.1975446000
        0.3000086160        0.1044600000       -0.1934631000
        0.3249949740        0.1131600000       -0.1907421000
        0.3500100520        0.1218700000       -0.1866606000
        0.3749964100        0.1305700000       -0.1825791000
        0.4000114880        0.1392800000       -0.1784976000
        0.4249978460        0.1479800000       -0.1744161000
        0.4500129240        0.1566900000       -0.1703346000
        0.4749992820        0.1653900000       -0.1662531000
        0.4999856400        0.1740900000       -0.1621716000
        0.5250007180        0.1828000000       -0.1580901000
        0.5499870760        0.1915000000       -0.1540086000
        0.5750021540        0.2002100000       -0.1499271000
        0.5999885120        0.2089100000       -0.1458456000
        0.6250035900        0.2176200000       -0.1417641000
        0.6499899480        0.2263200000       -0.1376826000
        0.6750050260        0.2350300000       -0.1349616000
        0.6999913840        0.2437300000       -0.1308801000
        0.7250064620        0.2524400000       -0.1281591000
        0.7499928200        0.2611400000       -0.1254381000
        0.7750078980        0.2698500000       -0.1227171000
        0.7999942560        0.2785500000       -0.1199961000
        0.8250093340        0.2872600000       -0.1172751000
        0.8499956920        0.2959600000       -0.1145541000
        0.8750107700        0.3046700000       -0.1131936000
        0.8999971280        0.3133700000       -0.1118331000
        0.9249834860        0.3220700000       -0.1104726000
        0.9499985640        0.3307800000       -0.1104726000
        0.9749849220        0.3394800000       -0.1091121000
        1.0000000000        0.3481900000       -0.1091121000
 
        0.0000000000        0.0000000000       -0.2165916000
        0.0249863580        0.0087000000       -0.2152311000
        0.0500014360        0.0174100000       -0.2152311000
        0.0749877940        0.0261100000       -0.2138706000
        0.1000028720        0.0348200000       -0.2138706000
        0.1249892300        0.0435200000       -0.2125101000
        0.1500043080        0.0522300000       -0.2097891000
        0.1749906660        0.0609300000       -0.2084286000
        0.2000057440        0.0696400000       -0.2057076000
        0.2249921020        0.0783400000       -0.2029866000
        0.2500071800        0.0870500000       -0.2002656000
        0.2749935380        0.0957500000       -0.1975446000
        0.3000086160        0.1044600000       -0.1934631000
        0.3249949740        0.1131600000       -0.1907421000
        0.3500100520        0.1218700000       -0.1866606000
        0.3749964100        0.1305700000       -0.1825791000
        0.4000114880        0.1392800000       -0.1784976000
        0.4249978460        0.1479800000       -0.1744161000
        0.4500129240        0.1566900000       -0.1703346000
        0.4749992820        0.1653900000       -0.1662531000
        0.4999856400        0.1740900000       -0.1621716000
        0.5250007180        0.1828000000       -0.1580901000
        0.5499870760        0.1915000000       -0.1540086000
        0.5750021540        0.2002100000       -0.1499271000
        0.5999885120        0.2089100000       -0.1458456000
        0.6250035900        0.2176200000       -0.1417641000
        0.6499899480        0.2263200000       -0.1376826000
        0.6750050260        0.2350300000       -0.1349616000
        0.6999913840        0.2437300000       -0.1308801000
        0.7250064620        0.2524400000       -0.1281591000
        0.7499928200        0.2611400000       -0.1254381000
        0.7750078980        0.2698500000       -0.1227171000
        0.7999942560        0.2785500000       -0.1199961000
        0.8250093340        0.2872600000       -0.1172751000
        0.8499956920        0.2959600000       -0.1145541000
        0.8750107700        0.3046700000       -0.1131936000
        0.8999971280        0.3133700000       -0.1118331000
        0.9249834860        0.3220700000       -0.1104726000
        0.9499985640        0.3307800000       -0.1104726000
        0.9749849220        0.3394800000       -0.1091121000
        1.0000000000        0.3481900000       -0.1091121000
 
        0.0000000000        0.0000000000        6.8267169000
        0.0249863580        0.0087000000        6.8267169000
        0.0500014360        0.0174100000        6.8294379000
        0.0749877940        0.0261100000        6.8307984000
        0.1000028720        0.0348200000        6.8348799000
        0.1249892300        0.0435200000        6.8389614000
        0.1500043080        0.0522300000        6.8444034000
        0.1749906660        0.0609300000        6.8498454000
        0.2000057440        0.0696400000        6.8566479000
        0.2249921020        0.0783400000        6.8648109000
        0.2500071800        0.0870500000        6.8743344000
        0.2749935380        0.0957500000        6.8838579000
        0.3000086160        0.1044600000        6.8933814000
        0.3249949740        0.1131600000        6.9056259000
        0.3500100520        0.1218700000        6.9178704000
        0.3749964100        0.1305700000        6.9314754000
        0.4000114880        0.1392800000        6.9450804000
        0.4249978460        0.1479800000        6.9600459000
        0.4500129240        0.1566900000        6.9750114000
        0.4749992820        0.1653900000        6.9913374000
        0.4999856400        0.1740900000        7.0090239000
        0.5250007180        0.1828000000        7.0267104000
        0.5499870760        0.1915000000        7.0457574000
        0.5750021540        0.2002100000        7.0634439000
        0.5999885120        0.2089100000        7.0838514000
        0.6250035900        0.2176200000        7.1042589000
        0.6499899480        0.2263200000        7.1260269000
        0.6750050260        0.2350300000        7.1477949000
        0.6999913840        0.2437300000        7.1695629000
        0.7250064620        0.2524400000        7.1926914000
        0.7499928200        0.2611400000        7.2171804000
        0.7750078980        0.2698500000        7.2403089000
        0.7999942560        0.2785500000        7.2661584000
        0.8250093340        0.2872600000        7.2906474000
        0.8499956920        0.2959600000        7.3164969000
        0.8750107700        0.3046700000        7.3423464000
        0.8999971280        0.3133700000        7.3695564000
        0.9249834860        0.3220700000        7.3967664000
        0.9499985640        0.3307800000        7.4239764000
        0.9749849220        0.3394800000        7.4511864000
        1.0000000000        0.3481900000        7.4797569000
 
        0.0000000000        0.0000000000        7.1858889000
        0.0249863580        0.0087000000        7.1872494000
        0.0500014360        0.0174100000        7.1899704000
        0.0749877940        0.0261100000        7.1940519000
        0.1000028720        0.0348200000        7.1994939000
        0.1249892300        0.0435200000        7.2076569000
        0.1500043080        0.0522300000        7.2158199000
        0.1749906660        0.0609300000        7.2267039000
        0.2000057440        0.0696400000        7.2389484000
        0.2249921020        0.0783400000        7.2525534000
        0.2500071800        0.0870500000        7.2661584000
        0.2749935380        0.0957500000        7.2824844000
        0.3000086160        0.1044600000        7.3001709000
        0.3249949740        0.1131600000        7.3192179000
        0.3500100520        0.1218700000        7.3382649000
        0.3749964100        0.1305700000        7.3586724000
        0.4000114880        0.1392800000        7.3804404000
        0.4249978460        0.1479800000        7.4035689000
        0.4500129240        0.1566900000        7.4266974000
        0.4749992820        0.1653900000        7.4498259000
        0.4999856400        0.1740900000        7.4838384000
        0.5250007180        0.1828000000        7.5083274000
        0.5499870760        0.1915000000        7.5328164000
        0.5750021540        0.2002100000        7.5586659000
        0.5999885120        0.2089100000        7.5831549000
        0.6250035900        0.2176200000        7.6090044000
        0.6499899480        0.2263200000        7.6334934000
        0.6750050260        0.2350300000        7.6552614000
        0.6999913840        0.2437300000        7.6797504000
        0.7250064620        0.2524400000        7.7028789000
        0.7499928200        0.2611400000        7.7273679000
        0.7750078980        0.2698500000        7.7396124000
        0.7999942560        0.2785500000        7.7110419000
        0.8250093340        0.2872600000        7.6811109000
        0.8499956920        0.2959600000        7.6525404000
        0.8750107700        0.3046700000        7.6226094000
        0.8999971280        0.3133700000        7.5940389000
        0.9249834860        0.3220700000        7.5654684000
        0.9499985640        0.3307800000        7.5368979000
        0.9749849220        0.3394800000        7.5083274000
        1.0000000000        0.3481900000        7.4797569000
 
        0.0000000000        0.0000000000        7.8049164000
        0.0249863580        0.0087000000        7.8049164000
        0.0500014360        0.0174100000        7.8062769000
        0.0749877940        0.0261100000        7.8076374000
        0.1000028720        0.0348200000        7.8103584000
        0.1249892300        0.0435200000        7.8144399000
        0.1500043080        0.0522300000        7.8198819000
        0.1749906660        0.0609300000        7.8239634000
        0.2000057440        0.0696400000        7.8307659000
        0.2249921020        0.0783400000        7.8375684000
        0.2500071800        0.0870500000        7.8443709000
        0.2749935380        0.0957500000        7.8525339000
        0.3000086160        0.1044600000        7.8620574000
        0.3249949740        0.1131600000        7.8702204000
        0.3500100520        0.1218700000        7.8797439000
        0.3749964100        0.1305700000        7.8892674000
        0.4000114880        0.1392800000        7.9001514000
        0.4249978460        0.1479800000        7.9096749000
        0.4500129240        0.1566900000        7.9191984000
        0.4749992820        0.1653900000        7.9300824000
        0.4999856400        0.1740900000        7.9396059000
        0.5250007180        0.1828000000        7.9491294000
        0.5499870760        0.1915000000        7.9572924000
        0.5750021540        0.2002100000        7.9640949000
        0.5999885120        0.2089100000        7.9368849000
        0.6250035900        0.2176200000        7.9096749000
        0.6499899480        0.2263200000        7.8824649000
        0.6750050260        0.2350300000        7.8538944000
        0.6999913840        0.2437300000        7.8253239000
        0.7250064620        0.2524400000        7.7967534000
        0.7499928200        0.2611400000        7.7681829000
        0.7750078980        0.2698500000        7.7504964000
        0.7999942560        0.2785500000        7.7722644000
        0.8250093340        0.2872600000        7.7940324000
        0.8499956920        0.2959600000        7.8144399000
        0.8750107700        0.3046700000        7.8348474000
        0.8999971280        0.3133700000        7.8538944000
        0.9249834860        0.3220700000        7.8715809000
        0.9499985640        0.3307800000        7.8892674000
        0.9749849220        0.3394800000        7.9042329000
        1.0000000000        0.3481900000        7.9191984000
 
        0.0000000000        0.0000000000        8.3110224000
        0.0249863580        0.0087000000        8.3096619000
        0.0500014360        0.0174100000        8.3069409000
        0.0749877940        0.0261100000        8.3042199000
        0.1000028720        0.0348200000        8.2987779000
        0.1249892300        0.0435200000        8.2919754000
        0.1500043080        0.0522300000        8.2838124000
        0.1749906660        0.0609300000        8.2742889000
        0.2000057440        0.0696400000        8.2634049000
        0.2249921020        0.0783400000        8.2511604000
        0.2500071800        0.0870500000        8.2375554000
        0.2749935380        0.0957500000        8.2225899000
        0.3000086160        0.1044600000        8.2062639000
        0.3249949740        0.1131600000        8.1899379000
        0.3500100520        0.1218700000        8.1708909000
        0.3749964100        0.1305700000        8.1518439000
        0.4000114880        0.1392800000        8.1314364000
        0.4249978460        0.1479800000        8.1096684000
        0.4500129240        0.1566900000        8.0879004000
        0.4749992820        0.1653900000        8.0647719000
        0.4999856400        0.1740900000        8.0402829000
        0.5250007180        0.1828000000        8.0157939000
        0.5499870760        0.1915000000        7.9899444000
        0.5750021540        0.2002100000        7.9654554000
        0.5999885120        0.2089100000        7.9722579000
        0.6250035900        0.2176200000        7.9776999000
        0.6499899480        0.2263200000        7.9831419000
        0.6750050260        0.2350300000        7.9872234000
        0.6999913840        0.2437300000        7.9899444000
        0.7250064620        0.2524400000        7.9913049000
        0.7499928200        0.2611400000        7.9926654000
        0.7750078980        0.2698500000        7.9913049000
        0.7999942560        0.2785500000        7.9885839000
        0.8250093340        0.2872600000        7.9845024000
        0.8499956920        0.2959600000        7.9804209000
        0.8750107700        0.3046700000        7.9736184000
        0.8999971280        0.3133700000        7.9654554000
        0.9249834860        0.3220700000        7.9559319000
        0.9499985640        0.3307800000        7.9450479000
        0.9749849220        0.3394800000        7.9328034000
        1.0000000000        0.3481900000        7.9191984000
 
        0.0000000000        0.0000000000        9.5545194000
        0.0249863580        0.0087000000        9.5504379000
        0.0500014360        0.0174100000        9.5463564000
        0.0749877940        0.0261100000        9.5463564000
        0.1000028720        0.0348200000        9.5490774000
        0.1249892300        0.0435200000        9.5572404000
        0.1500043080        0.0522300000        9.5681244000
        0.1749906660        0.0609300000        9.5830899000
        0.2000057440        0.0696400000        9.6021369000
        0.2249921020        0.0783400000        9.6252654000
        0.2500071800        0.0870500000        9.6497544000
        0.2749935380        0.0957500000        9.6783249000
        0.3000086160        0.1044600000        9.7082559000
        0.3249949740        0.1131600000        9.7422684000
        0.3500100520        0.1218700000        9.7762809000
        0.3749964100        0.1305700000        9.8130144000
        0.4000114880        0.1392800000        9.8511084000
        0.4249978460        0.1479800000        9.8919234000
        0.4500129240        0.1566900000        9.9327384000
        0.4749992820        0.1653900000        9.9735534000
        0.4999856400        0.1740900000       10.0211709000
        0.5250007180        0.1828000000       10.0647069000
        0.5499870760        0.1915000000       10.1082429000
        0.5750021540        0.2002100000       10.1504184000
        0.5999885120        0.2089100000       10.1953149000
        0.6250035900        0.2176200000       10.2415719000
        0.6499899480        0.2263200000       10.2878289000
        0.6750050260        0.2350300000       10.3354464000
        0.6999913840        0.2437300000       10.3830639000
        0.7250064620        0.2524400000       10.4306814000
        0.7499928200        0.2611400000       10.4810199000
        0.7750078980        0.2698500000       10.5313584000
        0.7999942560        0.2785500000       10.5830574000
        0.8250093340        0.2872600000       10.6361169000
        0.8499956920        0.2959600000       10.6905369000
        0.8750107700        0.3046700000       10.7476779000
        0.8999971280        0.3133700000       10.8061794000
        0.9249834860        0.3220700000       10.8660414000
        0.9499985640        0.3307800000       10.9299849000
        0.9749849220        0.3394800000       10.9952889000
        1.0000000000        0.3481900000       11.0633139000
 
        0.0000000000        0.0000000000        9.5735664000
        0.0249863580        0.0087000000        9.5830899000
        0.0500014360        0.0174100000        9.6007764000
        0.0749877940        0.0261100000        9.6239049000
        0.1000028720        0.0348200000        9.6524754000
        0.1249892300        0.0435200000        9.6864879000
        0.1500043080        0.0522300000        9.7232214000
        0.1749906660        0.0609300000        9.7653969000
        0.2000057440        0.0696400000        9.8102934000
        0.2249921020        0.0783400000        9.8606319000
        0.2500071800        0.0870500000        9.9136914000
        0.2749935380        0.0957500000        9.9694719000
        0.3000086160        0.1044600000       10.0293339000
        0.3249949740        0.1131600000       10.0919169000
        0.3500100520        0.1218700000       10.1572209000
        0.3749964100        0.1305700000       10.2252459000
        0.4000114880        0.1392800000       10.2946314000
        0.4249978460        0.1479800000       10.3653774000
        0.4500129240        0.1566900000       10.4388444000
        0.4749992820        0.1653900000       10.5123114000
        0.4999856400        0.1740900000       10.6021044000
        0.5250007180        0.1828000000       10.6782924000
        0.5499870760        0.1915000000       10.7558409000
        0.5750021540        0.2002100000       10.8306684000
        0.5999885120        0.2089100000       10.9095774000
        0.6250035900        0.2176200000       10.9871259000
        0.6499899480        0.2263200000       11.0646744000
        0.6750050260        0.2350300000       11.1422229000
        0.6999913840        0.2437300000       11.2197714000
        0.7250064620        0.2524400000       11.2374579000
        0.7499928200        0.2611400000       11.2537839000
        0.7750078980        0.2698500000       11.2701099000
        0.7999942560        0.2785500000       11.2864359000
        0.8250093340        0.2872600000       11.3027619000
        0.8499956920        0.2959600000       11.3190879000
        0.8750107700        0.3046700000       11.3354139000
        0.8999971280        0.3133700000       11.3490189000
        0.9249834860        0.3220700000       11.2850754000
        0.9499985640        0.3307800000       11.2088874000
        0.9749849220        0.3394800000       11.1340599000
        1.0000000000        0.3481900000       11.0633139000
 
        0.0000000000        0.0000000000       11.0687559000
        0.0249863580        0.0087000000       11.0687559000
        0.0500014360        0.0174100000       11.0687559000
        0.0749877940        0.0261100000       11.0687559000
        0.1000028720        0.0348200000       11.0687559000
        0.1249892300        0.0435200000       11.0687559000
        0.1500043080        0.0522300000       11.0701164000
        0.1749906660        0.0609300000       11.0701164000
        0.2000057440        0.0696400000       11.0714769000
        0.2249921020        0.0783400000       11.0728374000
        0.2500071800        0.0870500000       11.0741979000
        0.2749935380        0.0957500000       11.0769189000
        0.3000086160        0.1044600000       11.0782794000
        0.3249949740        0.1131600000       11.0810004000
        0.3500100520        0.1218700000       11.0850819000
        0.3749964100        0.1305700000       11.0878029000
        0.4000114880        0.1392800000       11.0932449000
        0.4249978460        0.1479800000       11.0973264000
        0.4500129240        0.1566900000       11.1027684000
        0.4749992820        0.1653900000       11.1095709000
        0.4999856400        0.1740900000       11.1326994000
        0.5250007180        0.1828000000       11.1408624000
        0.5499870760        0.1915000000       11.1490254000
        0.5750021540        0.2002100000       11.1585489000
        0.5999885120        0.2089100000       11.1694329000
        0.6250035900        0.2176200000       11.1816774000
        0.6499899480        0.2263200000       11.1939219000
        0.6750050260        0.2350300000       11.2075269000
        0.6999913840        0.2437300000       11.2224924000
        0.7250064620        0.2524400000       11.2374579000
        0.7499928200        0.2611400000       11.2537839000
        0.7750078980        0.2698500000       11.2701099000
        0.7999942560        0.2785500000       11.2864359000
        0.8250093340        0.2872600000       11.3027619000
        0.8499956920        0.2959600000       11.3190879000
        0.8750107700        0.3046700000       11.3354139000
        0.8999971280        0.3133700000       11.3490189000
        0.9249834860        0.3220700000       11.3612634000
        0.9499985640        0.3307800000       11.3707869000
        0.9749849220        0.3394800000       11.3775894000
        1.0000000000        0.3481900000       11.3789499000
 
        0.0000000000        0.0000000000       11.0687559000
        0.0249863580        0.0087000000       11.0687559000
        0.0500014360        0.0174100000       11.0687559000
        0.0749877940        0.0261100000       11.0687559000
        0.1000028720        0.0348200000       11.0687559000
        0.1249892300        0.0435200000       11.0687559000
        0.1500043080        0.0522300000       11.0701164000
        0.1749906660        0.0609300000       11.0701164000
        0.2000057440        0.0696400000       11.0714769000
        0.2249921020        0.0783400000       11.0728374000
        0.2500071800        0.0870500000       11.0741979000
        0.2749935380        0.0957500000       11.0769189000
        0.3000086160        0.1044600000       11.0782794000
        0.3249949740        0.1131600000       11.0810004000
        0.3500100520        0.1218700000       11.0850819000
        0.3749964100        0.1305700000       11.0878029000
        0.4000114880        0.1392800000       11.0932449000
        0.4249978460        0.1479800000       11.0973264000
        0.4500129240        0.1566900000       11.1041289000
        0.4749992820        0.1653900000       11.1095709000
        0.4999856400        0.1740900000       11.1326994000
        0.5250007180        0.1828000000       11.1408624000
        0.5499870760        0.1915000000       11.1490254000
        0.5750021540        0.2002100000       11.1585489000
        0.5999885120        0.2089100000       11.1694329000
        0.6250035900        0.2176200000       11.1816774000
        0.6499899480        0.2263200000       11.1939219000
        0.6750050260        0.2350300000       11.2075269000
        0.6999913840        0.2437300000       11.2224924000
        0.7250064620        0.2524400000       11.2959594000
        0.7499928200        0.2611400000       11.3721474000
        0.7750078980        0.2698500000       11.4469749000
        0.7999942560        0.2785500000       11.5218024000
        0.8250093340        0.2872600000       11.5952694000
        0.8499956920        0.2959600000       11.5367679000
        0.8750107700        0.3046700000       11.4496959000
        0.8999971280        0.3133700000       11.3653449000
        0.9249834860        0.3220700000       11.3612634000
        0.9499985640        0.3307800000       11.3707869000
        0.9749849220        0.3394800000       11.3775894000
        1.0000000000        0.3481900000       11.3789499000
 
        0.0000000000        0.0000000000       13.0986219000
        0.0249863580        0.0087000000       13.0972614000
        0.0500014360        0.0174100000       13.0918194000
        0.0749877940        0.0261100000       13.0836564000
        0.1000028720        0.0348200000       13.0727724000
        0.1249892300        0.0435200000       13.0578069000
        0.1500043080        0.0522300000       13.0401204000
        0.1749906660        0.0609300000       13.0197129000
        0.2000057440        0.0696400000       12.9965844000
        0.2249921020        0.0783400000       12.9693744000
        0.2500071800        0.0870500000       12.9408039000
        0.2749935380        0.0957500000       12.9108729000
        0.3000086160        0.1044600000       12.8768604000
        0.3249949740        0.1131600000       12.8428479000
        0.3500100520        0.1218700000       12.8047539000
        0.3749964100        0.1305700000       12.7666599000
        0.4000114880        0.1392800000       12.7258449000
        0.4249978460        0.1479800000       12.6850299000
        0.4500129240        0.1566900000       12.6428544000
        0.4749992820        0.1653900000       12.5993184000
        0.4999856400        0.1740900000       12.5544219000
        0.5250007180        0.1828000000       12.5095254000
        0.5499870760        0.1915000000       12.4646289000
        0.5750021540        0.2002100000       12.4047669000
        0.5999885120        0.2089100000       12.3598704000
        0.6250035900        0.2176200000       12.3136134000
        0.6499899480        0.2263200000       12.2700774000
        0.6750050260        0.2350300000       12.2251809000
        0.6999913840        0.2437300000       12.1299459000
        0.7250064620        0.2524400000       12.0224664000
        0.7499928200        0.2611400000       11.9177079000
        0.7750078980        0.2698500000       11.8170309000
        0.7999942560        0.2785500000       11.7204354000
        0.8250093340        0.2872600000       11.6265609000
        0.8499956920        0.2959600000       11.6673759000
        0.8750107700        0.3046700000       11.7394824000
        0.8999971280        0.3133700000       11.8102284000
        0.9249834860        0.3220700000       11.8755324000
        0.9499985640        0.3307800000       11.8592064000
        0.9749849220        0.3394800000       11.8496829000
        1.0000000000        0.3481900000       11.8456014000
 
        0.0000000000        0.0000000000       13.0986219000
        0.0249863580        0.0087000000       13.0972614000
        0.0500014360        0.0174100000       13.0918194000
        0.0749877940        0.0261100000       13.0836564000
        0.1000028720        0.0348200000       13.0727724000
        0.1249892300        0.0435200000       13.0578069000
        0.1500043080        0.0522300000       13.0401204000
        0.1749906660        0.0609300000       13.0197129000
        0.2000057440        0.0696400000       12.9965844000
        0.2249921020        0.0783400000       12.9707349000
        0.2500071800        0.0870500000       12.9408039000
        0.2749935380        0.0957500000       12.9108729000
        0.3000086160        0.1044600000       12.8768604000
        0.3249949740        0.1131600000       12.8428479000
        0.3500100520        0.1218700000       12.8047539000
        0.3749964100        0.1305700000       12.7666599000
        0.4000114880        0.1392800000       12.7258449000
        0.4249978460        0.1479800000       12.6850299000
        0.4500129240        0.1566900000       12.6428544000
        0.4749992820        0.1653900000       12.5993184000
        0.4999856400        0.1740900000       12.5544219000
        0.5250007180        0.1828000000       12.5095254000
        0.5499870760        0.1915000000       12.4646289000
        0.5750021540        0.2002100000       12.4047669000
        0.5999885120        0.2089100000       12.3598704000
        0.6250035900        0.2176200000       12.3136134000
        0.6499899480        0.2263200000       12.2700774000
        0.6750050260        0.2350300000       12.2251809000
        0.6999913840        0.2437300000       12.1816449000
        0.7250064620        0.2524400000       12.1394694000
        0.7499928200        0.2611400000       12.0986544000
        0.7750078980        0.2698500000       12.0591999000
        0.7999942560        0.2785500000       12.0211059000
        0.8250093340        0.2872600000       11.9857329000
        0.8499956920        0.2959600000       11.9530809000
        0.8750107700        0.3046700000       11.9231499000
        0.8999971280        0.3133700000       11.8973004000
        0.9249834860        0.3220700000       11.8755324000
        0.9499985640        0.3307800000       11.8592064000
        0.9749849220        0.3394800000       11.8496829000
        1.0000000000        0.3481900000       11.8456014000
 
        0.0000000000        0.0000000000       13.3965714000
        0.0249863580        0.0087000000       13.3965714000
        0.0500014360        0.0174100000       13.3938504000
        0.0749877940        0.0261100000       13.3897689000
        0.1000028720        0.0348200000       13.3829664000
        0.1249892300        0.0435200000       13.3761639000
        0.1500043080        0.0522300000       13.3666404000
        0.1749906660        0.0609300000       13.3557564000
        0.2000057440        0.0696400000       13.3435119000
        0.2249921020        0.0783400000       13.3285464000
        0.2500071800        0.0870500000       13.3122204000
        0.2749935380        0.0957500000       13.2945339000
        0.3000086160        0.1044600000       13.2741264000
        0.3249949740        0.1131600000       13.2523584000
        0.3500100520        0.1218700000       13.2278694000
        0.3749964100        0.1305700000       13.2020199000
        0.4000114880        0.1392800000       13.1734494000
        0.4249978460        0.1479800000       13.1421579000
        0.4500129240        0.1566900000       13.1054244000
        0.4749992820        0.1653900000       13.0605279000
        0.4999856400        0.1740900000       13.0033869000
        0.5250007180        0.1828000000       12.9217569000
        0.5499870760        0.1915000000       12.8183589000
        0.5750021540        0.2002100000       12.7040769000
        0.5999885120        0.2089100000       12.5870739000
        0.6250035900        0.2176200000       12.4700709000
        0.6499899480        0.2263200000       12.3544284000
        0.6750050260        0.2350300000       12.2387859000
        0.6999913840        0.2437300000       12.1816449000
        0.7250064620        0.2524400000       12.1394694000
        0.7499928200        0.2611400000       12.0986544000
        0.7750078980        0.2698500000       12.0591999000
        0.7999942560        0.2785500000       12.0211059000
        0.8250093340        0.2872600000       11.9857329000
        0.8499956920        0.2959600000       11.9530809000
        0.8750107700        0.3046700000       11.9231499000
        0.8999971280        0.3133700000       11.8973004000
        0.9249834860        0.3220700000       11.8796139000
        0.9499985640        0.3307800000       11.9476389000
        0.9749849220        0.3394800000       12.0143034000
        1.0000000000        0.3481900000       12.0796074000
 
        0.0000000000        0.0000000000       16.0672329000
        0.0249863580        0.0087000000       15.9978474000
        0.0500014360        0.0174100000       15.8604369000
        0.0749877940        0.0261100000       15.7067004000
        0.1000028720        0.0348200000       15.5475219000
        0.1249892300        0.0435200000       15.3869829000
        0.1500043080        0.0522300000       15.2264439000
        0.1749906660        0.0609300000       15.0659049000
        0.2000057440        0.0696400000       14.9067264000
        0.2249921020        0.0783400000       14.7489084000
        0.2500071800        0.0870500000       14.5924509000
        0.2749935380        0.0957500000       14.4373539000
        0.3000086160        0.1044600000       14.2836174000
        0.3249949740        0.1131600000       14.1326019000
        0.3500100520        0.1218700000       13.9829469000
        0.3749964100        0.1305700000       13.8373734000
        0.4000114880        0.1392800000       13.6931604000
        0.4249978460        0.1479800000       13.5543894000
        0.4500129240        0.1566900000       13.4196999000
        0.4749992820        0.1653900000       13.2931734000
        0.4999856400        0.1740900000       13.1979384000
        0.5250007180        0.1828000000       13.1122269000
        0.5499870760        0.1915000000       13.0482834000
        0.5750021540        0.2002100000       12.9965844000
        0.5999885120        0.2089100000       12.9503274000
        0.6250035900        0.2176200000       12.9054309000
        0.6499899480        0.2263200000       12.8591739000
        0.6750050260        0.2350300000       12.8047539000
        0.6999913840        0.2437300000       12.7571364000
        0.7250064620        0.2524400000       12.7081584000
        0.7499928200        0.2611400000       12.6591804000
        0.7750078980        0.2698500000       12.6074814000
        0.7999942560        0.2785500000       12.5544219000
        0.8250093340        0.2872600000       12.5000019000
        0.8499956920        0.2959600000       12.4442214000
        0.8750107700        0.3046700000       12.3870804000
        0.8999971280        0.3133700000       12.3285789000
        0.9249834860        0.3220700000       12.2687169000
        0.9499985640        0.3307800000       12.2074944000
        0.9749849220        0.3394800000       12.1435509000
        1.0000000000        0.3481900000       12.0796074000
 
