        0.0000000000        0.8481900000       -4.4137341000
        0.0250150780        0.8569000000       -4.4150946000
        0.0500014360        0.8656000000       -4.4191761000
        0.0750165140        0.8743100000       -4.4273391000
        0.1000028720        0.8830100000       -4.4382231000
        0.1249892300        0.8917100000       -4.4518281000
        0.1500043080        0.9004200000       -4.4681541000
        0.1749906660        0.9091200000       -4.4872011000
        0.2000057440        0.9178300000       -4.5076086000
        0.2249921020        0.9265300000       -4.5307371000
        0.2500071800        0.9352400000       -4.5538656000
        0.2749935380        0.9439400000       -4.5797151000
        0.3000086160        0.9526500000       -4.6069251000
        0.3249949740        0.9613500000       -4.6341351000
        0.3500100520        0.9700600000       -4.6627056000
        0.3749964100        0.9787600000       -4.6912761000
        0.4000114880        0.9874700000       -4.7198466000
        0.4249978460        0.9961700000       -4.7484171000
        0.4500129240        1.0048800000       -4.7769876000
        0.4749992820        1.0135800000       -4.8055581000
        0.5000143600        1.0222900000       -4.8327681000
        0.5250007180        1.0309900000       -4.8599781000
        0.5499870760        1.0396900000       -4.8871881000
        0.5750021540        1.0484000000       -4.9116771000
        0.5999885120        1.0571000000       -4.9361661000
        0.6250035900        1.0658100000       -4.9606551000
        0.6499899480        1.0745100000       -4.9824231000
        0.6750050260        1.0832200000       -5.0041911000
        0.6999913840        1.0919200000       -5.0232381000
        0.7250064620        1.1006300000       -5.0422851000
        0.7499928200        1.1093300000       -5.0599716000
        0.7750078980        1.1180400000       -5.0749371000
        0.7999942560        1.1267400000       -5.0899026000
        0.8250093340        1.1354500000       -5.1021471000
        0.8499956920        1.1441500000       -5.1130311000
        0.8750107700        1.1528600000       -5.1225546000
        0.8999971280        1.1615600000       -5.1293571000
        0.9250122060        1.1702700000       -5.1361596000
        0.9499985640        1.1789700000       -5.1402411000
        0.9750136420        1.1876800000       -5.1429621000
        1.0000000000        1.1963800000       -5.1429621000
 
        0.0000000000        0.8481900000       -4.4137341000
        0.0250150780        0.8569000000       -4.4150946000
        0.0500014360        0.8656000000       -4.4191761000
        0.0750165140        0.8743100000       -4.4273391000
        0.1000028720        0.8830100000       -4.4382231000
        0.1249892300        0.8917100000       -4.4518281000
        0.1500043080        0.9004200000       -4.4681541000
        0.1749906660        0.9091200000       -4.4872011000
        0.2000057440        0.9178300000       -4.5076086000
        0.2249921020        0.9265300000       -4.5307371000
        0.2500071800        0.9352400000       -4.5538656000
        0.2749935380        0.9439400000       -4.5797151000
        0.3000086160        0.9526500000       -4.6069251000
        0.3249949740        0.9613500000       -4.6341351000
        0.3500100520        0.9700600000       -4.6627056000
        0.3749964100        0.9787600000       -4.6912761000
        0.4000114880        0.9874700000       -4.7198466000
        0.4249978460        0.9961700000       -4.7484171000
        0.4500129240        1.0048800000       -4.7769876000
        0.4749992820        1.0135800000       -4.8055581000
        0.5000143600        1.0222900000       -4.8327681000
        0.5250007180        1.0309900000       -4.8599781000
        0.5499870760        1.0396900000       -4.8871881000
        0.5750021540        1.0484000000       -4.9116771000
        0.5999885120        1.0571000000       -4.9361661000
        0.6250035900        1.0658100000       -4.9606551000
        0.6499899480        1.0745100000       -4.9824231000
        0.6750050260        1.0832200000       -5.0041911000
        0.6999913840        1.0919200000       -5.0232381000
        0.7250064620        1.1006300000       -5.0422851000
        0.7499928200        1.1093300000       -5.0599716000
        0.7750078980        1.1180400000       -5.0749371000
        0.7999942560        1.1267400000       -5.0899026000
        0.8250093340        1.1354500000       -5.1021471000
        0.8499956920        1.1441500000       -5.1130311000
        0.8750107700        1.1528600000       -5.1225546000
        0.8999971280        1.1615600000       -5.1293571000
        0.9250122060        1.1702700000       -5.1361596000
        0.9499985640        1.1789700000       -5.1402411000
        0.9750136420        1.1876800000       -5.1429621000
        1.0000000000        1.1963800000       -5.1429621000
 
        0.0000000000        0.8481900000       -4.1157846000
        0.0250150780        0.8569000000       -4.1144241000
        0.0500014360        0.8656000000       -4.1130636000
        0.0750165140        0.8743100000       -4.1103426000
        0.1000028720        0.8830100000       -4.1062611000
        0.1249892300        0.8917100000       -4.1008191000
        0.1500043080        0.9004200000       -4.0940166000
        0.1749906660        0.9091200000       -4.0872141000
        0.2000057440        0.9178300000       -4.0776906000
        0.2249921020        0.9265300000       -4.0681671000
        0.2500071800        0.9352400000       -4.0559226000
        0.2749935380        0.9439400000       -4.0436781000
        0.3000086160        0.9526500000       -4.0314336000
        0.3249949740        0.9613500000       -4.0164681000
        0.3500100520        0.9700600000       -4.0015026000
        0.3749964100        0.9787600000       -3.9851766000
        0.4000114880        0.9874700000       -3.9674901000
        0.4249978460        0.9961700000       -3.9498036000
        0.4500129240        1.0048800000       -3.9307566000
        0.4749992820        1.0135800000       -3.9103491000
        0.5000143600        1.0222900000       -3.8899416000
        0.5250007180        1.0309900000       -3.8681736000
        0.5499870760        1.0396900000       -3.8464056000
        0.5750021540        1.0484000000       -3.8232771000
        0.5999885120        1.0571000000       -3.8001486000
        0.6250035900        1.0658100000       -3.7770201000
        0.6499899480        1.0745100000       -3.7538916000
        0.6750050260        1.0832200000       -3.7294026000
        0.6999913840        1.0919200000       -3.7062741000
        0.7250064620        1.1006300000       -3.6817851000
        0.7499928200        1.1093300000       -3.6586566000
        0.7750078980        1.1180400000       -3.6368886000
        0.7999942560        1.1267400000       -3.6151206000
        0.8250093340        1.1354500000       -3.5947131000
        0.8499956920        1.1441500000       -3.5756661000
        0.8750107700        1.1528600000       -3.5593401000
        0.8999971280        1.1615600000       -3.5443746000
        0.9250122060        1.1702700000       -3.5334906000
        0.9499985640        1.1789700000       -3.5239671000
        0.9750136420        1.1876800000       -3.5198856000
        1.0000000000        1.1963800000       -3.5171646000
 
        0.0000000000        0.8481900000       -4.1157846000
        0.0250150780        0.8569000000       -4.1144241000
        0.0500014360        0.8656000000       -4.1130636000
        0.0750165140        0.8743100000       -4.1103426000
        0.1000028720        0.8830100000       -4.1062611000
        0.1249892300        0.8917100000       -4.1008191000
        0.1500043080        0.9004200000       -4.0940166000
        0.1749906660        0.9091200000       -4.0872141000
        0.2000057440        0.9178300000       -4.0776906000
        0.2249921020        0.9265300000       -4.0681671000
        0.2500071800        0.9352400000       -4.0559226000
        0.2749935380        0.9439400000       -4.0436781000
        0.3000086160        0.9526500000       -4.0314336000
        0.3249949740        0.9613500000       -4.0164681000
        0.3500100520        0.9700600000       -4.0015026000
        0.3749964100        0.9787600000       -3.9851766000
        0.4000114880        0.9874700000       -3.9674901000
        0.4249978460        0.9961700000       -3.9498036000
        0.4500129240        1.0048800000       -3.9307566000
        0.4749992820        1.0135800000       -3.9103491000
        0.5000143600        1.0222900000       -3.8899416000
        0.5250007180        1.0309900000       -3.8681736000
        0.5499870760        1.0396900000       -3.8464056000
        0.5750021540        1.0484000000       -3.8232771000
        0.5999885120        1.0571000000       -3.8001486000
        0.6250035900        1.0658100000       -3.7770201000
        0.6499899480        1.0745100000       -3.7538916000
        0.6750050260        1.0832200000       -3.7294026000
        0.6999913840        1.0919200000       -3.7062741000
        0.7250064620        1.1006300000       -3.6817851000
        0.7499928200        1.1093300000       -3.6586566000
        0.7750078980        1.1180400000       -3.6368886000
        0.7999942560        1.1267400000       -3.6151206000
        0.8250093340        1.1354500000       -3.5947131000
        0.8499956920        1.1441500000       -3.5756661000
        0.8750107700        1.1528600000       -3.5593401000
        0.8999971280        1.1615600000       -3.5443746000
        0.9250122060        1.1702700000       -3.5334906000
        0.9499985640        1.1789700000       -3.5239671000
        0.9750136420        1.1876800000       -3.5198856000
        1.0000000000        1.1963800000       -3.5171646000
 
        0.0000000000        0.8481900000       -2.7960996000
        0.0250150780        0.8569000000       -2.7960996000
        0.0500014360        0.8656000000       -2.8001811000
        0.0750165140        0.8743100000       -2.8042626000
        0.1000028720        0.8830100000       -2.8110651000
        0.1249892300        0.8917100000       -2.8192281000
        0.1500043080        0.9004200000       -2.8287516000
        0.1749906660        0.9091200000       -2.8409961000
        0.2000057440        0.9178300000       -2.8546011000
        0.2249921020        0.9265300000       -2.8695666000
        0.2500071800        0.9352400000       -2.8845321000
        0.2749935380        0.9439400000       -2.9022186000
        0.3000086160        0.9526500000       -2.9199051000
        0.3249949740        0.9613500000       -2.9389521000
        0.3500100520        0.9700600000       -2.9566386000
        0.3749964100        0.9787600000       -2.9756856000
        0.4000114880        0.9874700000       -2.9947326000
        0.4249978460        0.9961700000       -3.0137796000
        0.4500129240        1.0048800000       -3.0328266000
        0.4749992820        1.0135800000       -3.0518736000
        0.5000143600        1.0222900000       -3.0695601000
        0.5250007180        1.0309900000       -3.0872466000
        0.5499870760        1.0396900000       -3.1049331000
        0.5750021540        1.0484000000       -3.1212591000
        0.5999885120        1.0571000000       -3.1375851000
        0.6250035900        1.0658100000       -3.1525506000
        0.6499899480        1.0745100000       -3.1675161000
        0.6750050260        1.0832200000       -3.1811211000
        0.6999913840        1.0919200000       -3.1947261000
        0.7250064620        1.1006300000       -3.2056101000
        0.7499928200        1.1093300000       -3.2164941000
        0.7750078980        1.1180400000       -3.2273781000
        0.7999942560        1.1267400000       -3.2369016000
        0.8250093340        1.1354500000       -3.2437041000
        0.8499956920        1.1441500000       -3.2518671000
        0.8750107700        1.1528600000       -3.2573091000
        0.8999971280        1.1615600000       -3.2627511000
        0.9250122060        1.1702700000       -3.2654721000
        0.9499985640        1.1789700000       -3.2681931000
        0.9750136420        1.1876800000       -3.2709141000
        1.0000000000        1.1963800000       -3.2709141000
 
        0.0000000000        0.8481900000       -2.7960996000
        0.0250150780        0.8569000000       -2.7960996000
        0.0500014360        0.8656000000       -2.8001811000
        0.0750165140        0.8743100000       -2.8042626000
        0.1000028720        0.8830100000       -2.8110651000
        0.1249892300        0.8917100000       -2.8192281000
        0.1500043080        0.9004200000       -2.8287516000
        0.1749906660        0.9091200000       -2.8409961000
        0.2000057440        0.9178300000       -2.8546011000
        0.2249921020        0.9265300000       -2.8695666000
        0.2500071800        0.9352400000       -2.8845321000
        0.2749935380        0.9439400000       -2.9022186000
        0.3000086160        0.9526500000       -2.9199051000
        0.3249949740        0.9613500000       -2.9389521000
        0.3500100520        0.9700600000       -2.9566386000
        0.3749964100        0.9787600000       -2.9756856000
        0.4000114880        0.9874700000       -2.9947326000
        0.4249978460        0.9961700000       -3.0137796000
        0.4500129240        1.0048800000       -3.0328266000
        0.4749992820        1.0135800000       -3.0518736000
        0.5000143600        1.0222900000       -3.0695601000
        0.5250007180        1.0309900000       -3.0872466000
        0.5499870760        1.0396900000       -3.1049331000
        0.5750021540        1.0484000000       -3.1212591000
        0.5999885120        1.0571000000       -3.1375851000
        0.6250035900        1.0658100000       -3.1525506000
        0.6499899480        1.0745100000       -3.1675161000
        0.6750050260        1.0832200000       -3.1811211000
        0.6999913840        1.0919200000       -3.1947261000
        0.7250064620        1.1006300000       -3.2056101000
        0.7499928200        1.1093300000       -3.2164941000
        0.7750078980        1.1180400000       -3.2273781000
        0.7999942560        1.1267400000       -3.2369016000
        0.8250093340        1.1354500000       -3.2437041000
        0.8499956920        1.1441500000       -3.2518671000
        0.8750107700        1.1528600000       -3.2573091000
        0.8999971280        1.1615600000       -3.2627511000
        0.9250122060        1.1702700000       -3.2654721000
        0.9499985640        1.1789700000       -3.2681931000
        0.9750136420        1.1876800000       -3.2709141000
        1.0000000000        1.1963800000       -3.2709141000
 
        0.0000000000        0.8481900000       -2.5267206000
        0.0250150780        0.8569000000       -2.5253601000
        0.0500014360        0.8656000000       -2.5212786000
        0.0750165140        0.8743100000       -2.5158366000
        0.1000028720        0.8830100000       -2.5063131000
        0.1249892300        0.8917100000       -2.4940686000
        0.1500043080        0.9004200000       -2.4791031000
        0.1749906660        0.9091200000       -2.4627771000
        0.2000057440        0.9178300000       -2.4437301000
        0.2249921020        0.9265300000       -2.4233226000
        0.2500071800        0.9352400000       -2.4001941000
        0.2749935380        0.9439400000       -2.3757051000
        0.3000086160        0.9526500000       -2.3512161000
        0.3249949740        0.9613500000       -2.3253666000
        0.3500100520        0.9700600000       -2.2981566000
        0.3749964100        0.9787600000       -2.2709466000
        0.4000114880        0.9874700000       -2.2437366000
        0.4249978460        0.9961700000       -2.2165266000
        0.4500129240        1.0048800000       -2.1893166000
        0.4749992820        1.0135800000       -2.1621066000
        0.5000143600        1.0222900000       -2.1362571000
        0.5250007180        1.0309900000       -2.1485016000
        0.5499870760        1.0396900000       -2.1825141000
        0.5750021540        1.0484000000       -2.2151661000
        0.5999885120        1.0571000000       -2.2491786000
        0.6250035900        1.0658100000       -2.2831911000
        0.6499899480        1.0745100000       -2.3172036000
        0.6750050260        1.0832200000       -2.3512161000
        0.6999913840        1.0919200000       -2.3838681000
        0.7250064620        1.1006300000       -2.4165201000
        0.7499928200        1.1093300000       -2.4478116000
        0.7750078980        1.1180400000       -2.4777426000
        0.7999942560        1.1267400000       -2.5063131000
        0.8250093340        1.1354500000       -2.5321626000
        0.8499956920        1.1441500000       -2.5566516000
        0.8750107700        1.1528600000       -2.5784196000
        0.8999971280        1.1615600000       -2.5961061000
        0.9250122060        1.1702700000       -2.6110716000
        0.9499985640        1.1789700000       -2.6219556000
        0.9750136420        1.1876800000       -2.6273976000
        1.0000000000        1.1963800000       -2.6301186000
 
        0.0000000000        0.8481900000       -2.5267206000
        0.0250150780        0.8569000000       -2.5253601000
        0.0500014360        0.8656000000       -2.5212786000
        0.0750165140        0.8743100000       -2.5158366000
        0.1000028720        0.8830100000       -2.5063131000
        0.1249892300        0.8917100000       -2.4940686000
        0.1500043080        0.9004200000       -2.4791031000
        0.1749906660        0.9091200000       -2.4627771000
        0.2000057440        0.9178300000       -2.4437301000
        0.2249921020        0.9265300000       -2.4233226000
        0.2500071800        0.9352400000       -2.4001941000
        0.2749935380        0.9439400000       -2.3757051000
        0.3000086160        0.9526500000       -2.3512161000
        0.3249949740        0.9613500000       -2.3253666000
        0.3500100520        0.9700600000       -2.2981566000
        0.3749964100        0.9787600000       -2.2709466000
        0.4000114880        0.9874700000       -2.2437366000
        0.4249978460        0.9961700000       -2.2165266000
        0.4500129240        1.0048800000       -2.1893166000
        0.4749992820        1.0135800000       -2.1621066000
        0.5000143600        1.0222900000       -2.1362571000
        0.5250007180        1.0309900000       -2.1485016000
        0.5499870760        1.0396900000       -2.1825141000
        0.5750021540        1.0484000000       -2.2151661000
        0.5999885120        1.0571000000       -2.2491786000
        0.6250035900        1.0658100000       -2.2831911000
        0.6499899480        1.0745100000       -2.3172036000
        0.6750050260        1.0832200000       -2.3512161000
        0.6999913840        1.0919200000       -2.3838681000
        0.7250064620        1.1006300000       -2.4165201000
        0.7499928200        1.1093300000       -2.4478116000
        0.7750078980        1.1180400000       -2.4777426000
        0.7999942560        1.1267400000       -2.5063131000
        0.8250093340        1.1354500000       -2.5321626000
        0.8499956920        1.1441500000       -2.5566516000
        0.8750107700        1.1528600000       -2.5784196000
        0.8999971280        1.1615600000       -2.5961061000
        0.9250122060        1.1702700000       -2.6110716000
        0.9499985640        1.1789700000       -2.6219556000
        0.9750136420        1.1876800000       -2.6273976000
        1.0000000000        1.1963800000       -2.6301186000
 
        0.0000000000        0.8481900000       -1.7444331000
        0.0250150780        0.8569000000       -1.7457936000
        0.0500014360        0.8656000000       -1.7485146000
        0.0750165140        0.8743100000       -1.7539566000
        0.1000028720        0.8830100000       -1.7621196000
        0.1249892300        0.8917100000       -1.7716431000
        0.1500043080        0.9004200000       -1.7825271000
        0.1749906660        0.9091200000       -1.7961321000
        0.2000057440        0.9178300000       -1.8110976000
        0.2249921020        0.9265300000       -1.8287841000
        0.2500071800        0.9352400000       -1.8464706000
        0.2749935380        0.9439400000       -1.8668781000
        0.3000086160        0.9526500000       -1.8900066000
        0.3249949740        0.9613500000       -1.9131351000
        0.3500100520        0.9700600000       -1.9389846000
        0.3749964100        0.9787600000       -1.9661946000
        0.4000114880        0.9874700000       -1.9934046000
        0.4249978460        0.9961700000       -2.0233356000
        0.4500129240        1.0048800000       -2.0532666000
        0.4749992820        1.0135800000       -2.0845581000
        0.5000143600        1.0222900000       -2.1158496000
        0.5250007180        1.0309900000       -2.1104076000
        0.5499870760        1.0396900000       -2.0845581000
        0.5750021540        1.0484000000       -2.0600691000
        0.5999885120        1.0571000000       -2.0369406000
        0.6250035900        1.0658100000       -2.0138121000
        0.6499899480        1.0745100000       -1.9934046000
        0.6750050260        1.0832200000       -1.9729971000
        0.6999913840        1.0919200000       -1.9539501000
        0.7250064620        1.1006300000       -1.9362636000
        0.7499928200        1.1093300000       -1.9199376000
        0.7750078980        1.1180400000       -1.9049721000
        0.7999942560        1.1267400000       -1.8927276000
        0.8250093340        1.1354500000       -1.8804831000
        0.8499956920        1.1441500000       -1.8695991000
        0.8750107700        1.1528600000       -1.8614361000
        0.8999971280        1.1615600000       -1.8532731000
        0.9250122060        1.1702700000       -1.8478311000
        0.9499985640        1.1789700000       -1.8437496000
        0.9750136420        1.1876800000       -1.8410286000
        1.0000000000        1.1963800000       -1.8410286000
 
        0.0000000000        0.8481900000       -1.7444331000
        0.0250150780        0.8569000000       -1.7457936000
        0.0500014360        0.8656000000       -1.7485146000
        0.0750165140        0.8743100000       -1.7539566000
        0.1000028720        0.8830100000       -1.7621196000
        0.1249892300        0.8917100000       -1.7716431000
        0.1500043080        0.9004200000       -1.7825271000
        0.1749906660        0.9091200000       -1.7961321000
        0.2000057440        0.9178300000       -1.8110976000
        0.2249921020        0.9265300000       -1.8287841000
        0.2500071800        0.9352400000       -1.8464706000
        0.2749935380        0.9439400000       -1.8668781000
        0.3000086160        0.9526500000       -1.8900066000
        0.3249949740        0.9613500000       -1.9131351000
        0.3500100520        0.9700600000       -1.9389846000
        0.3749964100        0.9787600000       -1.9661946000
        0.4000114880        0.9874700000       -1.9934046000
        0.4249978460        0.9961700000       -2.0233356000
        0.4500129240        1.0048800000       -2.0532666000
        0.4749992820        1.0135800000       -2.0845581000
        0.5000143600        1.0222900000       -2.1158496000
        0.5250007180        1.0309900000       -2.1104076000
        0.5499870760        1.0396900000       -2.0845581000
        0.5750021540        1.0484000000       -2.0600691000
        0.5999885120        1.0571000000       -2.0369406000
        0.6250035900        1.0658100000       -2.0138121000
        0.6499899480        1.0745100000       -1.9934046000
        0.6750050260        1.0832200000       -1.9729971000
        0.6999913840        1.0919200000       -1.9539501000
        0.7250064620        1.1006300000       -1.9362636000
        0.7499928200        1.1093300000       -1.9199376000
        0.7750078980        1.1180400000       -1.9049721000
        0.7999942560        1.1267400000       -1.8927276000
        0.8250093340        1.1354500000       -1.8804831000
        0.8499956920        1.1441500000       -1.8695991000
        0.8750107700        1.1528600000       -1.8614361000
        0.8999971280        1.1615600000       -1.8532731000
        0.9250122060        1.1702700000       -1.8478311000
        0.9499985640        1.1789700000       -1.8437496000
        0.9750136420        1.1876800000       -1.8410286000
        1.0000000000        1.1963800000       -1.8410286000
 
        0.0000000000        0.8481900000       -1.3226781000
        0.0250150780        0.8569000000       -1.3199571000
        0.0500014360        0.8656000000       -1.3145151000
        0.0750165140        0.8743100000       -1.3049916000
        0.1000028720        0.8830100000       -1.2900261000
        0.1249892300        0.8917100000       -1.2737001000
        0.1500043080        0.9004200000       -1.2519321000
        0.1749906660        0.9091200000       -1.2274431000
        0.2000057440        0.9178300000       -1.2015936000
        0.2249921020        0.9265300000       -1.1716626000
        0.2500071800        0.9352400000       -1.1390106000
        0.2749935380        0.9439400000       -1.1063586000
        0.3000086160        0.9526500000       -1.0709856000
        0.3249949740        0.9613500000       -1.0342521000
        0.3500100520        0.9700600000       -0.9961581000
        0.3749964100        0.9787600000       -0.9567036000
        0.4000114880        0.9874700000       -0.9172491000
        0.4249978460        0.9961700000       -0.8764341000
        0.4500129240        1.0048800000       -0.8356191000
        0.4749992820        1.0135800000       -0.7948041000
        0.5000143600        1.0222900000       -0.7539891000
        0.5250007180        1.0309900000       -0.7145346000
        0.5499870760        1.0396900000       -0.6750801000
        0.5750021540        1.0484000000       -0.6369861000
        0.5999885120        1.0571000000       -0.5988921000
        0.6250035900        1.0658100000       -0.5621586000
        0.6499899480        1.0745100000       -0.5281461000
        0.6750050260        1.0832200000       -0.4941336000
        0.6999913840        1.0919200000       -0.4628421000
        0.7250064620        1.1006300000       -0.4329111000
        0.7499928200        1.1093300000       -0.4057011000
        0.7750078980        1.1180400000       -0.3812121000
        0.7999942560        1.1267400000       -0.3580836000
        0.8250093340        1.1354500000       -0.3376761000
        0.8499956920        1.1441500000       -0.3186291000
        0.8750107700        1.1528600000       -0.3036636000
        0.8999971280        1.1615600000       -0.2900586000
        0.9250122060        1.1702700000       -0.2805351000
        0.9499985640        1.1789700000       -0.2737326000
        0.9750136420        1.1876800000       -0.2696511000
        1.0000000000        1.1963800000       -0.2669301000
 
        0.0000000000        0.8481900000       -1.3226781000
        0.0250150780        0.8569000000       -1.3199571000
        0.0500014360        0.8656000000       -1.3145151000
        0.0750165140        0.8743100000       -1.3049916000
        0.1000028720        0.8830100000       -1.2900261000
        0.1249892300        0.8917100000       -1.2737001000
        0.1500043080        0.9004200000       -1.2519321000
        0.1749906660        0.9091200000       -1.2274431000
        0.2000057440        0.9178300000       -1.2015936000
        0.2249921020        0.9265300000       -1.1716626000
        0.2500071800        0.9352400000       -1.1390106000
        0.2749935380        0.9439400000       -1.1063586000
        0.3000086160        0.9526500000       -1.0709856000
        0.3249949740        0.9613500000       -1.0342521000
        0.3500100520        0.9700600000       -0.9961581000
        0.3749964100        0.9787600000       -0.9567036000
        0.4000114880        0.9874700000       -0.9172491000
        0.4249978460        0.9961700000       -0.8764341000
        0.4500129240        1.0048800000       -0.8356191000
        0.4749992820        1.0135800000       -0.7948041000
        0.5000143600        1.0222900000       -0.7539891000
        0.5250007180        1.0309900000       -0.7145346000
        0.5499870760        1.0396900000       -0.6750801000
        0.5750021540        1.0484000000       -0.6369861000
        0.5999885120        1.0571000000       -0.5988921000
        0.6250035900        1.0658100000       -0.5621586000
        0.6499899480        1.0745100000       -0.5281461000
        0.6750050260        1.0832200000       -0.4941336000
        0.6999913840        1.0919200000       -0.4628421000
        0.7250064620        1.1006300000       -0.4329111000
        0.7499928200        1.1093300000       -0.4057011000
        0.7750078980        1.1180400000       -0.3812121000
        0.7999942560        1.1267400000       -0.3580836000
        0.8250093340        1.1354500000       -0.3376761000
        0.8499956920        1.1441500000       -0.3186291000
        0.8750107700        1.1528600000       -0.3036636000
        0.8999971280        1.1615600000       -0.2900586000
        0.9250122060        1.1702700000       -0.2805351000
        0.9499985640        1.1789700000       -0.2737326000
        0.9750136420        1.1876800000       -0.2696511000
        1.0000000000        1.1963800000       -0.2669301000
 
        0.0000000000        0.8481900000        7.3777194000
        0.0250150780        0.8569000000        7.3777194000
        0.0500014360        0.8656000000        7.3763589000
        0.0750165140        0.8743100000        7.3749984000
        0.1000028720        0.8830100000        7.3736379000
        0.1249892300        0.8917100000        7.3709169000
        0.1500043080        0.9004200000        7.3695564000
        0.1749906660        0.9091200000        7.3654749000
        0.2000057440        0.9178300000        7.3613934000
        0.2249921020        0.9265300000        7.3559514000
        0.2500071800        0.9352400000        7.3532304000
        0.2749935380        0.9439400000        7.3477884000
        0.3000086160        0.9526500000        7.3409859000
        0.3249949740        0.9613500000        7.3355439000
        0.3500100520        0.9700600000        7.3287414000
        0.3749964100        0.9787600000        7.3205784000
        0.4000114880        0.9874700000        7.3137759000
        0.4249978460        0.9961700000        7.3056129000
        0.4500129240        1.0048800000        7.2974499000
        0.4749992820        1.0135800000        7.2892869000
        0.5000143600        1.0222900000        7.2797634000
        0.5250007180        1.0309900000        7.2716004000
        0.5499870760        1.0396900000        7.2634374000
        0.5750021540        1.0484000000        7.2539139000
        0.5999885120        1.0571000000        7.2457509000
        0.6250035900        1.0658100000        7.2375879000
        0.6499899480        1.0745100000        7.2294249000
        0.6750050260        1.0832200000        7.2212619000
        0.6999913840        1.0919200000        7.2130989000
        0.7250064620        1.1006300000        7.2062964000
        0.7499928200        1.1093300000        7.1981334000
        0.7750078980        1.1180400000        7.1899704000
        0.7999942560        1.1267400000        7.1845284000
        0.8250093340        1.1354500000        7.1790864000
        0.8499956920        1.1441500000        7.1736444000
        0.8750107700        1.1528600000        7.1695629000
        0.8999971280        1.1615600000        7.1668419000
        0.9250122060        1.1702700000        7.1641209000
        0.9499985640        1.1789700000        7.1613999000
        0.9750136420        1.1876800000        7.1613999000
        1.0000000000        1.1963800000        7.1600394000
 
        0.0000000000        0.8481900000        7.3777194000
        0.0250150780        0.8569000000        7.3777194000
        0.0500014360        0.8656000000        7.3763589000
        0.0750165140        0.8743100000        7.3749984000
        0.1000028720        0.8830100000        7.3736379000
        0.1249892300        0.8917100000        7.3709169000
        0.1500043080        0.9004200000        7.3695564000
        0.1749906660        0.9091200000        7.3654749000
        0.2000057440        0.9178300000        7.3613934000
        0.2249921020        0.9265300000        7.3573119000
        0.2500071800        0.9352400000        7.3532304000
        0.2749935380        0.9439400000        7.3477884000
        0.3000086160        0.9526500000        7.3409859000
        0.3249949740        0.9613500000        7.3355439000
        0.3500100520        0.9700600000        7.3287414000
        0.3749964100        0.9787600000        7.3205784000
        0.4000114880        0.9874700000        7.3137759000
        0.4249978460        0.9961700000        7.3056129000
        0.4500129240        1.0048800000        7.2974499000
        0.4749992820        1.0135800000        7.2892869000
        0.5000143600        1.0222900000        7.2797634000
        0.5250007180        1.0309900000        7.2716004000
        0.5499870760        1.0396900000        7.2634374000
        0.5750021540        1.0484000000        7.2539139000
        0.5999885120        1.0571000000        7.2457509000
        0.6250035900        1.0658100000        7.2375879000
        0.6499899480        1.0745100000        7.2294249000
        0.6750050260        1.0832200000        7.2212619000
        0.6999913840        1.0919200000        7.2130989000
        0.7250064620        1.1006300000        7.2062964000
        0.7499928200        1.1093300000        7.1981334000
        0.7750078980        1.1180400000        7.1899704000
        0.7999942560        1.1267400000        7.1845284000
        0.8250093340        1.1354500000        7.1790864000
        0.8499956920        1.1441500000        7.1736444000
        0.8750107700        1.1528600000        7.1695629000
        0.8999971280        1.1615600000        7.1668419000
        0.9250122060        1.1702700000        7.1641209000
        0.9499985640        1.1789700000        7.1613999000
        0.9750136420        1.1876800000        7.1613999000
        1.0000000000        1.1963800000        7.1600394000
 
        0.0000000000        0.8481900000        7.6661454000
        0.0250150780        0.8569000000        7.6675059000
        0.0500014360        0.8656000000        7.6702269000
        0.0750165140        0.8743100000        7.6743084000
        0.1000028720        0.8830100000        7.6811109000
        0.1249892300        0.8917100000        7.6892739000
        0.1500043080        0.9004200000        7.6987974000
        0.1749906660        0.9091200000        7.7110419000
        0.2000057440        0.9178300000        7.7232864000
        0.2249921020        0.9265300000        7.7382519000
        0.2500071800        0.9352400000        7.7586594000
        0.2749935380        0.9439400000        7.7763459000
        0.3000086160        0.9526500000        7.7953929000
        0.3249949740        0.9613500000        7.8144399000
        0.3500100520        0.9700600000        7.8362079000
        0.3749964100        0.9787600000        7.8579759000
        0.4000114880        0.9874700000        7.8811044000
        0.4249978460        0.9961700000        7.9042329000
        0.4500129240        1.0048800000        7.9273614000
        0.4749992820        1.0135800000        7.9518504000
        0.5000143600        1.0222900000        7.9763394000
        0.5250007180        1.0309900000        8.0008284000
        0.5499870760        1.0396900000        8.0253174000
        0.5750021540        1.0484000000        8.0498064000
        0.5999885120        1.0571000000        8.0742954000
        0.6250035900        1.0658100000        8.0974239000
        0.6499899480        1.0745100000        8.1205524000
        0.6750050260        1.0832200000        8.1423204000
        0.6999913840        1.0919200000        8.1640884000
        0.7250064620        1.1006300000        8.1831354000
        0.7499928200        1.1093300000        8.2021824000
        0.7750078980        1.1180400000        8.2185084000
        0.7999942560        1.1267400000        8.2348344000
        0.8250093340        1.1354500000        8.2497999000
        0.8499956920        1.1441500000        8.2620444000
        0.8750107700        1.1528600000        8.2729284000
        0.8999971280        1.1615600000        8.2810914000
        0.9250122060        1.1702700000        8.2892544000
        0.9499985640        1.1789700000        8.2933359000
        0.9750136420        1.1876800000        8.2974174000
        1.0000000000        1.1963800000        8.2974174000
 
        0.0000000000        0.8481900000        7.6661454000
        0.0250150780        0.8569000000        7.6675059000
        0.0500014360        0.8656000000        7.6702269000
        0.0750165140        0.8743100000        7.6743084000
        0.1000028720        0.8830100000        7.6811109000
        0.1249892300        0.8917100000        7.6892739000
        0.1500043080        0.9004200000        7.6987974000
        0.1749906660        0.9091200000        7.7110419000
        0.2000057440        0.9178300000        7.7232864000
        0.2249921020        0.9265300000        7.7382519000
        0.2500071800        0.9352400000        7.7586594000
        0.2749935380        0.9439400000        7.7763459000
        0.3000086160        0.9526500000        7.7953929000
        0.3249949740        0.9613500000        7.8144399000
        0.3500100520        0.9700600000        7.8362079000
        0.3749964100        0.9787600000        7.8579759000
        0.4000114880        0.9874700000        7.8811044000
        0.4249978460        0.9961700000        7.9042329000
        0.4500129240        1.0048800000        7.9273614000
        0.4749992820        1.0135800000        7.9518504000
        0.5000143600        1.0222900000        7.9763394000
        0.5250007180        1.0309900000        8.0008284000
        0.5499870760        1.0396900000        8.0253174000
        0.5750021540        1.0484000000        8.0498064000
        0.5999885120        1.0571000000        8.0742954000
        0.6250035900        1.0658100000        8.0974239000
        0.6499899480        1.0745100000        8.1205524000
        0.6750050260        1.0832200000        8.1423204000
        0.6999913840        1.0919200000        8.1640884000
        0.7250064620        1.1006300000        8.1831354000
        0.7499928200        1.1093300000        8.2021824000
        0.7750078980        1.1180400000        8.2185084000
        0.7999942560        1.1267400000        8.2348344000
        0.8250093340        1.1354500000        8.2497999000
        0.8499956920        1.1441500000        8.2620444000
        0.8750107700        1.1528600000        8.2729284000
        0.8999971280        1.1615600000        8.2810914000
        0.9250122060        1.1702700000        8.2892544000
        0.9499985640        1.1789700000        8.2933359000
        0.9750136420        1.1876800000        8.2974174000
        1.0000000000        1.1963800000        8.2974174000
 
        0.0000000000        0.8481900000        9.6075789000
        0.0250150780        0.8569000000        9.6075789000
        0.0500014360        0.8656000000        9.6048579000
        0.0750165140        0.8743100000        9.6021369000
        0.1000028720        0.8830100000        9.5980554000
        0.1249892300        0.8917100000        9.5926134000
        0.1500043080        0.9004200000        9.5980554000
        0.1749906660        0.9091200000        9.5912529000
        0.2000057440        0.9178300000        9.5830899000
        0.2249921020        0.9265300000        9.5762874000
        0.2500071800        0.9352400000        9.5681244000
        0.2749935380        0.9439400000        9.5613219000
        0.3000086160        0.9526500000        9.5545194000
        0.3249949740        0.9613500000        9.5477169000
        0.3500100520        0.9700600000        9.5422749000
        0.3749964100        0.9787600000        9.5368329000
        0.4000114880        0.9874700000        9.5327514000
        0.4249978460        0.9961700000        9.5300304000
        0.4500129240        1.0048800000        9.5273094000
        0.4749992820        1.0135800000        9.5273094000
        0.5000143600        1.0222900000        9.5273094000
        0.5250007180        1.0309900000        9.5286699000
        0.5499870760        1.0396900000        9.5313909000
        0.5750021540        1.0484000000        9.5354724000
        0.5999885120        1.0571000000        9.5409144000
        0.6250035900        1.0658100000        9.5463564000
        0.6499899480        1.0745100000        9.5545194000
        0.6750050260        1.0832200000        9.5613219000
        0.6999913840        1.0919200000        9.5694849000
        0.7250064620        1.1006300000        9.5790084000
        0.7499928200        1.1093300000        9.5885319000
        0.7750078980        1.1180400000        9.5953344000
        0.7999942560        1.1267400000        9.6048579000
        0.8250093340        1.1354500000        9.6130209000
        0.8499956920        1.1441500000        9.6211839000
        0.8750107700        1.1528600000        9.6293469000
        0.8999971280        1.1615600000        9.6347889000
        0.9250122060        1.1702700000        9.6402309000
        0.9499985640        1.1789700000        9.6443124000
        0.9750136420        1.1876800000        9.6470334000
        1.0000000000        1.1963800000        9.6470334000
 
        0.0000000000        0.8481900000        9.6075789000
        0.0250150780        0.8569000000        9.6075789000
        0.0500014360        0.8656000000        9.6048579000
        0.0750165140        0.8743100000        9.6021369000
        0.1000028720        0.8830100000        9.5980554000
        0.1249892300        0.8917100000        9.5926134000
        0.1500043080        0.9004200000        9.5980554000
        0.1749906660        0.9091200000        9.5912529000
        0.2000057440        0.9178300000        9.5830899000
        0.2249921020        0.9265300000        9.5762874000
        0.2500071800        0.9352400000        9.5681244000
        0.2749935380        0.9439400000        9.5613219000
        0.3000086160        0.9526500000        9.5545194000
        0.3249949740        0.9613500000        9.5477169000
        0.3500100520        0.9700600000        9.5422749000
        0.3749964100        0.9787600000        9.5368329000
        0.4000114880        0.9874700000        9.5327514000
        0.4249978460        0.9961700000        9.5300304000
        0.4500129240        1.0048800000        9.5273094000
        0.4749992820        1.0135800000        9.5273094000
        0.5000143600        1.0222900000        9.5273094000
        0.5250007180        1.0309900000        9.5286699000
        0.5499870760        1.0396900000        9.5313909000
        0.5750021540        1.0484000000        9.5354724000
        0.5999885120        1.0571000000        9.5409144000
        0.6250035900        1.0658100000        9.5463564000
        0.6499899480        1.0745100000        9.5545194000
        0.6750050260        1.0832200000        9.5613219000
        0.6999913840        1.0919200000        9.5694849000
        0.7250064620        1.1006300000        9.5790084000
        0.7499928200        1.1093300000        9.5885319000
        0.7750078980        1.1180400000        9.5953344000
        0.7999942560        1.1267400000        9.6048579000
        0.8250093340        1.1354500000        9.6130209000
        0.8499956920        1.1441500000        9.6211839000
        0.8750107700        1.1528600000        9.6293469000
        0.8999971280        1.1615600000        9.6347889000
        0.9250122060        1.1702700000        9.6402309000
        0.9499985640        1.1789700000        9.6443124000
        0.9750136420        1.1876800000        9.6470334000
        1.0000000000        1.1963800000        9.6470334000
 
        0.0000000000        0.8481900000       11.6415264000
        0.0250150780        0.8569000000       11.6428869000
        0.0500014360        0.8656000000       11.6442474000
        0.0750165140        0.8743100000       11.6469684000
        0.1000028720        0.8830100000       11.6510499000
        0.1249892300        0.8917100000       11.6537709000
        0.1500043080        0.9004200000       11.6687364000
        0.1749906660        0.9091200000       11.6714574000
        0.2000057440        0.9178300000       11.6728179000
        0.2249921020        0.9265300000       11.6714574000
        0.2500071800        0.9352400000       11.6687364000
        0.2749935380        0.9439400000       11.6619339000
        0.3000086160        0.9526500000       11.6524104000
        0.3249949740        0.9613500000       11.6401659000
        0.3500100520        0.9700600000       11.6252004000
        0.3749964100        0.9787600000       11.6075139000
        0.4000114880        0.9874700000       11.5857459000
        0.4249978460        0.9961700000       11.5626174000
        0.4500129240        1.0048800000       11.5367679000
        0.4749992820        1.0135800000       11.5095579000
        0.5000143600        1.0222900000       11.4796269000
        0.5250007180        1.0309900000       11.4483354000
        0.5499870760        1.0396900000       11.4170439000
        0.5750021540        1.0484000000       11.3843919000
        0.5999885120        1.0571000000       11.3517399000
        0.6250035900        1.0658100000       11.3177274000
        0.6499899480        1.0745100000       11.2837149000
        0.6750050260        1.0832200000       11.2510629000
        0.6999913840        1.0919200000       11.2184109000
        0.7250064620        1.1006300000       11.1871194000
        0.7499928200        1.1093300000       11.1558279000
        0.7750078980        1.1180400000       11.1272574000
        0.7999942560        1.1267400000       11.1000474000
        0.8250093340        1.1354500000       11.0755584000
        0.8499956920        1.1441500000       11.0524299000
        0.8750107700        1.1528600000       11.0333829000
        0.8999971280        1.1615600000       11.0170569000
        0.9250122060        1.1702700000       11.0048124000
        0.9499985640        1.1789700000       10.9952889000
        0.9750136420        1.1876800000       10.9884864000
        1.0000000000        1.1963800000       10.9871259000
 
        0.0000000000        0.8481900000       11.6415264000
        0.0250150780        0.8569000000       11.6428869000
        0.0500014360        0.8656000000       11.6442474000
        0.0750165140        0.8743100000       11.6469684000
        0.1000028720        0.8830100000       11.6510499000
        0.1249892300        0.8917100000       11.6537709000
        0.1500043080        0.9004200000       11.6687364000
        0.1749906660        0.9091200000       11.6714574000
        0.2000057440        0.9178300000       11.6728179000
        0.2249921020        0.9265300000       11.6714574000
        0.2500071800        0.9352400000       11.6687364000
        0.2749935380        0.9439400000       11.6619339000
        0.3000086160        0.9526500000       11.6537709000
        0.3249949740        0.9613500000       11.6401659000
        0.3500100520        0.9700600000       11.6252004000
        0.3749964100        0.9787600000       11.6075139000
        0.4000114880        0.9874700000       11.5857459000
        0.4249978460        0.9961700000       11.5626174000
        0.4500129240        1.0048800000       11.5367679000
        0.4749992820        1.0135800000       11.5095579000
        0.5000143600        1.0222900000       11.4796269000
        0.5250007180        1.0309900000       11.4483354000
        0.5499870760        1.0396900000       11.4170439000
        0.5750021540        1.0484000000       11.3843919000
        0.5999885120        1.0571000000       11.3517399000
        0.6250035900        1.0658100000       11.3177274000
        0.6499899480        1.0745100000       11.2837149000
        0.6750050260        1.0832200000       11.2510629000
        0.6999913840        1.0919200000       11.2184109000
        0.7250064620        1.1006300000       11.1871194000
        0.7499928200        1.1093300000       11.1558279000
        0.7750078980        1.1180400000       11.1272574000
        0.7999942560        1.1267400000       11.1000474000
        0.8250093340        1.1354500000       11.0755584000
        0.8499956920        1.1441500000       11.0524299000
        0.8750107700        1.1528600000       11.0333829000
        0.8999971280        1.1615600000       11.0170569000
        0.9250122060        1.1702700000       11.0048124000
        0.9499985640        1.1789700000       10.9952889000
        0.9750136420        1.1876800000       10.9884864000
        1.0000000000        1.1963800000       10.9871259000
 
        0.0000000000        0.8481900000       12.1721214000
        0.0250150780        0.8569000000       12.1721214000
        0.0500014360        0.8656000000       12.1707609000
        0.0750165140        0.8743100000       12.1694004000
        0.1000028720        0.8830100000       12.1666794000
        0.1249892300        0.8917100000       12.1639584000
        0.1500043080        0.9004200000       12.1612374000
        0.1749906660        0.9091200000       12.1571559000
        0.2000057440        0.9178300000       12.1517139000
        0.2249921020        0.9265300000       12.1476324000
        0.2500071800        0.9352400000       12.1503534000
        0.2749935380        0.9439400000       12.1435509000
        0.3000086160        0.9526500000       12.1367484000
        0.3249949740        0.9613500000       12.1299459000
        0.3500100520        0.9700600000       12.1217829000
        0.3749964100        0.9787600000       12.1136199000
        0.4000114880        0.9874700000       12.1040964000
        0.4249978460        0.9961700000       12.0959334000
        0.4500129240        1.0048800000       12.0864099000
        0.4749992820        1.0135800000       12.0768864000
        0.5000143600        1.0222900000       12.0660024000
        0.5250007180        1.0309900000       12.0564789000
        0.5499870760        1.0396900000       12.0469554000
        0.5750021540        1.0484000000       12.0374319000
        0.5999885120        1.0571000000       12.0265479000
        0.6250035900        1.0658100000       12.0170244000
        0.6499899480        1.0745100000       12.0075009000
        0.6750050260        1.0832200000       11.9993379000
        0.6999913840        1.0919200000       11.9898144000
        0.7250064620        1.1006300000       11.9816514000
        0.7499928200        1.1093300000       11.9734884000
        0.7750078980        1.1180400000       11.9435574000
        0.7999942560        1.1267400000       11.9367549000
        0.8250093340        1.1354500000       11.9299524000
        0.8499956920        1.1441500000       11.9231499000
        0.8750107700        1.1528600000       11.9177079000
        0.8999971280        1.1615600000       11.9136264000
        0.9250122060        1.1702700000       11.9109054000
        0.9499985640        1.1789700000       11.9081844000
        0.9750136420        1.1876800000       11.9068239000
        1.0000000000        1.1963800000       11.9054634000
 
        0.0000000000        0.8481900000       12.1721214000
        0.0250150780        0.8569000000       12.1721214000
        0.0500014360        0.8656000000       12.1707609000
        0.0750165140        0.8743100000       12.1694004000
        0.1000028720        0.8830100000       12.1666794000
        0.1249892300        0.8917100000       12.1639584000
        0.1500043080        0.9004200000       12.1612374000
        0.1749906660        0.9091200000       12.1571559000
        0.2000057440        0.9178300000       12.1517139000
        0.2249921020        0.9265300000       12.1476324000
        0.2500071800        0.9352400000       12.1503534000
        0.2749935380        0.9439400000       12.1435509000
        0.3000086160        0.9526500000       12.1367484000
        0.3249949740        0.9613500000       12.1299459000
        0.3500100520        0.9700600000       12.1217829000
        0.3749964100        0.9787600000       12.1136199000
        0.4000114880        0.9874700000       12.1040964000
        0.4249978460        0.9961700000       12.0959334000
        0.4500129240        1.0048800000       12.0864099000
        0.4749992820        1.0135800000       12.0768864000
        0.5000143600        1.0222900000       12.0673629000
        0.5250007180        1.0309900000       12.0564789000
        0.5499870760        1.0396900000       12.0469554000
        0.5750021540        1.0484000000       12.0374319000
        0.5999885120        1.0571000000       12.0265479000
        0.6250035900        1.0658100000       12.0170244000
        0.6499899480        1.0745100000       12.0075009000
        0.6750050260        1.0832200000       11.9993379000
        0.6999913840        1.0919200000       11.9898144000
        0.7250064620        1.1006300000       11.9816514000
        0.7499928200        1.1093300000       11.9734884000
        0.7750078980        1.1180400000       11.9435574000
        0.7999942560        1.1267400000       11.9367549000
        0.8250093340        1.1354500000       11.9299524000
        0.8499956920        1.1441500000       11.9231499000
        0.8750107700        1.1528600000       11.9177079000
        0.8999971280        1.1615600000       11.9136264000
        0.9250122060        1.1702700000       11.9109054000
        0.9499985640        1.1789700000       11.9081844000
        0.9750136420        1.1876800000       11.9068239000
        1.0000000000        1.1963800000       11.9054634000
 
        0.0000000000        0.8481900000       12.3612309000
        0.0250150780        0.8569000000       12.3625914000
        0.0500014360        0.8656000000       12.3653124000
        0.0750165140        0.8743100000       12.3707544000
        0.1000028720        0.8830100000       12.3789174000
        0.1249892300        0.8917100000       12.3884409000
        0.1500043080        0.9004200000       12.4034064000
        0.1749906660        0.9091200000       12.4210929000
        0.2000057440        0.9178300000       12.4415004000
        0.2249921020        0.9265300000       12.4673499000
        0.2500071800        0.9352400000       12.5054439000
        0.2749935380        0.9439400000       12.5394564000
        0.3000086160        0.9526500000       12.5775504000
        0.3249949740        0.9613500000       12.6197259000
        0.3500100520        0.9700600000       12.6659829000
        0.3749964100        0.9787600000       12.7149609000
        0.4000114880        0.9874700000       12.7680204000
        0.4249978460        0.9961700000       12.8238009000
        0.4500129240        1.0048800000       12.8809419000
        0.4749992820        1.0135800000       12.9408039000
        0.5000143600        1.0222900000       13.0020264000
        0.5250007180        1.0309900000       13.0632489000
        0.5499870760        1.0396900000       13.1258319000
        0.5750021540        1.0484000000       13.1884149000
        0.5999885120        1.0571000000       13.2496374000
        0.6250035900        1.0658100000       13.3108599000
        0.6499899480        1.0745100000       13.3707219000
        0.6750050260        1.0832200000       13.4278629000
        0.6999913840        1.0919200000       13.4836434000
        0.7250064620        1.1006300000       13.5367029000
        0.7499928200        1.1093300000       13.5856809000
        0.7750078980        1.1180400000       13.6319379000
        0.7999942560        1.1267400000       13.6741134000
        0.8250093340        1.1354500000       13.7135679000
        0.8499956920        1.1441500000       13.7475804000
        0.8750107700        1.1528600000       13.7761509000
        0.8999971280        1.1615600000       13.8006399000
        0.9250122060        1.1702700000       13.8196869000
        0.9499985640        1.1789700000       13.8332919000
        0.9750136420        1.1876800000       13.8414549000
        1.0000000000        1.1963800000       13.8441759000
 
        0.0000000000        0.8481900000       12.3612309000
        0.0250150780        0.8569000000       12.3625914000
        0.0500014360        0.8656000000       12.3653124000
        0.0750165140        0.8743100000       12.3707544000
        0.1000028720        0.8830100000       12.3789174000
        0.1249892300        0.8917100000       12.3884409000
        0.1500043080        0.9004200000       12.4034064000
        0.1749906660        0.9091200000       12.4210929000
        0.2000057440        0.9178300000       12.4415004000
        0.2249921020        0.9265300000       12.4673499000
        0.2500071800        0.9352400000       12.5054439000
        0.2749935380        0.9439400000       12.5394564000
        0.3000086160        0.9526500000       12.5775504000
        0.3249949740        0.9613500000       12.6197259000
        0.3500100520        0.9700600000       12.6659829000
        0.3749964100        0.9787600000       12.7149609000
        0.4000114880        0.9874700000       12.7680204000
        0.4249978460        0.9961700000       12.8238009000
        0.4500129240        1.0048800000       12.8809419000
        0.4749992820        1.0135800000       12.9408039000
        0.5000143600        1.0222900000       13.0020264000
        0.5250007180        1.0309900000       13.0632489000
        0.5499870760        1.0396900000       13.1258319000
        0.5750021540        1.0484000000       13.1884149000
        0.5999885120        1.0571000000       13.2496374000
        0.6250035900        1.0658100000       13.3108599000
        0.6499899480        1.0745100000       13.3707219000
        0.6750050260        1.0832200000       13.4278629000
        0.6999913840        1.0919200000       13.4836434000
        0.7250064620        1.1006300000       13.5367029000
        0.7499928200        1.1093300000       13.5856809000
        0.7750078980        1.1180400000       13.6319379000
        0.7999942560        1.1267400000       13.6741134000
        0.8250093340        1.1354500000       13.7135679000
        0.8499956920        1.1441500000       13.7475804000
        0.8750107700        1.1528600000       13.7761509000
        0.8999971280        1.1615600000       13.8006399000
        0.9250122060        1.1702700000       13.8196869000
        0.9499985640        1.1789700000       13.8332919000
        0.9750136420        1.1876800000       13.8414549000
        1.0000000000        1.1963800000       13.8441759000
 
