        0.0000000000        1.1963800000       -5.1429621000
        0.0250000000        1.2088800000       -5.1565671000
        0.0500000000        1.2213800000       -5.1715326000
        0.0750000000        1.2338800000       -5.1864981000
        0.1000000000        1.2463800000       -5.2041846000
        0.1250000000        1.2588800000       -5.2232316000
        0.1500000000        1.2713800000       -5.2436391000
        0.1750000000        1.2838800000       -5.2654071000
        0.2000000000        1.2963800000       -5.2898961000
        0.2250000000        1.3088800000       -5.3171061000
        0.2500000000        1.3213800000       -5.3456766000
        0.2750000000        1.3338800000       -5.3769681000
        0.3000000000        1.3463800000       -5.4096201000
        0.3250000000        1.3588800000       -5.4449931000
        0.3500000000        1.3713800000       -5.4803661000
        0.3750000000        1.3838800000       -5.5170996000
        0.4000000000        1.3963800000       -5.5551936000
        0.4250000000        1.4088800000       -5.5932876000
        0.4500000000        1.4213800000       -5.6313816000
        0.4750000000        1.4338800000       -5.6694756000
        0.5000000000        1.4463800000       -5.7048486000
        0.5250000000        1.4588800000       -5.7402216000
        0.5500000000        1.4713800000       -5.7728736000
        0.5750000000        1.4838800000       -5.8041651000
        0.6000000000        1.4963800000       -5.8327356000
        0.6250000000        1.5088800000       -5.8585851000
        0.6500000000        1.5213800000       -5.8817136000
        0.6750000000        1.5338800000       -5.9021211000
        0.7000000000        1.5463800000       -5.9198076000
        0.7250000000        1.5588800000       -5.9347731000
        0.7500000000        1.5713800000       -5.9456571000
        0.7750000000        1.5838800000       -5.9551806000
        0.8000000000        1.5963800000       -5.9606226000
        0.8250000000        1.6088800000       -5.9647041000
        0.8500000000        1.6213800000       -5.9660646000
        0.8750000000        1.6338800000       -5.9660646000
        0.9000000000        1.6463800000       -5.9647041000
        0.9250000000        1.6588800000       -5.9633436000
        0.9500000000        1.6713800000       -5.9619831000
        0.9750000000        1.6838800000       -5.9606226000
        1.0000000000        1.6963800000       -5.9606226000
 
        0.0000000000        1.1963800000       -5.1429621000
        0.0250000000        1.2088800000       -5.1320781000
        0.0500000000        1.2213800000       -5.1211941000
        0.0750000000        1.2338800000       -5.1103101000
        0.1000000000        1.2463800000       -5.1021471000
        0.1250000000        1.2588800000       -5.0953446000
        0.1500000000        1.2713800000       -5.0885421000
        0.1750000000        1.2838800000       -5.0844606000
        0.2000000000        1.2963800000       -5.0803791000
        0.2250000000        1.3088800000       -5.0790186000
        0.2500000000        1.3213800000       -5.0776581000
        0.2750000000        1.3338800000       -5.0790186000
        0.3000000000        1.3463800000       -5.0817396000
        0.3250000000        1.3588800000       -5.0858211000
        0.3500000000        1.3713800000       -5.0912631000
        0.3750000000        1.3838800000       -5.0980656000
        0.4000000000        1.3963800000       -5.1075891000
        0.4250000000        1.4088800000       -5.1157521000
        0.4500000000        1.4213800000       -5.1266361000
        0.4750000000        1.4338800000       -5.1388806000
        0.5000000000        1.4463800000       -5.1511251000
        0.5250000000        1.4588800000       -5.1647301000
        0.5500000000        1.4713800000       -5.1796956000
        0.5750000000        1.4838800000       -5.1933006000
        0.6000000000        1.4963800000       -5.2082661000
        0.6250000000        1.5088800000       -5.2232316000
        0.6500000000        1.5213800000       -5.2381971000
        0.6750000000        1.5338800000       -5.2531626000
        0.7000000000        1.5463800000       -5.2667676000
        0.7250000000        1.5588800000       -5.2803726000
        0.7500000000        1.5713800000       -5.2926171000
        0.7750000000        1.5838800000       -5.3048616000
        0.8000000000        1.5963800000       -5.3157456000
        0.8250000000        1.6088800000       -5.3266296000
        0.8500000000        1.6213800000       -5.3347926000
        0.8750000000        1.6338800000       -5.3429556000
        0.9000000000        1.6463800000       -5.3483976000
        0.9250000000        1.6588800000       -5.3538396000
        0.9500000000        1.6713800000       -5.3579211000
        0.9750000000        1.6838800000       -5.3592816000
        1.0000000000        1.6963800000       -5.3606421000
 
        0.0000000000        1.1963800000       -3.5171646000
        0.0250000000        1.2088800000       -3.5906316000
        0.0500000000        1.2213800000       -3.6640986000
        0.0750000000        1.2338800000       -3.7362051000
        0.1000000000        1.2463800000       -3.8069511000
        0.1250000000        1.2588800000       -3.8776971000
        0.1500000000        1.2713800000       -3.9457221000
        0.1750000000        1.2838800000       -4.0137471000
        0.2000000000        1.2963800000       -4.0804116000
        0.2250000000        1.3088800000       -4.1457156000
        0.2500000000        1.3213800000       -4.2096591000
        0.2750000000        1.3338800000       -4.2708816000
        0.3000000000        1.3463800000       -4.3321041000
        0.3250000000        1.3588800000       -4.3906056000
        0.3500000000        1.3713800000       -4.4477466000
        0.3750000000        1.3838800000       -4.5035271000
        0.4000000000        1.3963800000       -4.5565866000
        0.4250000000        1.4088800000       -4.6082856000
        0.4500000000        1.4213800000       -4.6586241000
        0.4750000000        1.4338800000       -4.7062416000
        0.5000000000        1.4463800000       -4.7524986000
        0.5250000000        1.4588800000       -4.7960346000
        0.5500000000        1.4713800000       -4.8382101000
        0.5750000000        1.4838800000       -4.8776646000
        0.6000000000        1.4963800000       -4.9143981000
        0.6250000000        1.5088800000       -4.9511316000
        0.6500000000        1.5213800000       -4.9837836000
        0.6750000000        1.5338800000       -5.0150751000
        0.7000000000        1.5463800000       -5.0436456000
        0.7250000000        1.5588800000       -5.0708556000
        0.7500000000        1.5713800000       -5.0953446000
        0.7750000000        1.5838800000       -5.1171126000
        0.8000000000        1.5963800000       -5.1375201000
        0.8250000000        1.6088800000       -5.1552066000
        0.8500000000        1.6213800000       -5.1701721000
        0.8750000000        1.6338800000       -5.1824166000
        0.9000000000        1.6463800000       -5.1933006000
        0.9250000000        1.6588800000       -5.2014636000
        0.9500000000        1.6713800000       -5.2069056000
        0.9750000000        1.6838800000       -5.2109871000
        1.0000000000        1.6963800000       -5.2123476000
 
        0.0000000000        1.1963800000       -3.5171646000
        0.0250000000        1.2088800000       -3.4436976000
        0.0500000000        1.2213800000       -3.4083246000
        0.0750000000        1.2338800000       -3.4736286000
        0.1000000000        1.2463800000       -3.5375721000
        0.1250000000        1.2588800000       -3.5974341000
        0.1500000000        1.2713800000       -3.6545751000
        0.1750000000        1.2838800000       -3.7062741000
        0.2000000000        1.2963800000       -3.7552521000
        0.2250000000        1.3088800000       -3.7987881000
        0.2500000000        1.3213800000       -3.8368821000
        0.2750000000        1.3338800000       -3.8695341000
        0.3000000000        1.3463800000       -3.8981046000
        0.3250000000        1.3588800000       -3.9212331000
        0.3500000000        1.3713800000       -3.9402801000
        0.3750000000        1.3838800000       -3.9552456000
        0.4000000000        1.3963800000       -3.9688506000
        0.4250000000        1.4088800000       -3.9824556000
        0.4500000000        1.4213800000       -4.0001421000
        0.4750000000        1.4338800000       -4.0259916000
        0.5000000000        1.4463800000       -4.0640856000
        0.5250000000        1.4588800000       -4.1171451000
        0.5500000000        1.4713800000       -4.1838096000
        0.5750000000        1.4838800000       -4.2572766000
        0.6000000000        1.4963800000       -4.3361856000
        0.6250000000        1.5088800000       -4.4178156000
        0.6500000000        1.5213800000       -4.4994456000
        0.6750000000        1.5338800000       -4.5797151000
        0.7000000000        1.5463800000       -4.6586241000
        0.7250000000        1.5588800000       -4.7348121000
        0.7500000000        1.5713800000       -4.8069186000
        0.7750000000        1.5838800000       -4.8763041000
        0.8000000000        1.5963800000       -4.9402476000
        0.8250000000        1.6088800000       -4.9987491000
        0.8500000000        1.6213800000       -5.0518086000
        0.8750000000        1.6338800000       -5.0980656000
        0.9000000000        1.6463800000       -5.1375201000
        0.9250000000        1.6588800000       -5.1701721000
        0.9500000000        1.6713800000       -5.1933006000
        0.9750000000        1.6838800000       -5.2069056000
        1.0000000000        1.6963800000       -5.2123476000
 
        0.0000000000        1.1963800000       -3.2709141000
        0.0250000000        1.2088800000       -3.3402996000
        0.0500000000        1.2213800000       -3.3688701000
        0.0750000000        1.2338800000       -3.2926821000
        0.1000000000        1.2463800000       -3.2178546000
        0.1250000000        1.2588800000       -3.1430271000
        0.1500000000        1.2713800000       -3.0668391000
        0.1750000000        1.2838800000       -2.9920116000
        0.2000000000        1.2963800000       -2.9648016000
        0.2250000000        1.3088800000       -2.9988141000
        0.2500000000        1.3213800000       -3.0301056000
        0.2750000000        1.3338800000       -3.0613971000
        0.3000000000        1.3463800000       -3.0899676000
        0.3250000000        1.3588800000       -3.1171776000
        0.3500000000        1.3713800000       -3.1784001000
        0.3750000000        1.3838800000       -3.2749956000
        0.4000000000        1.3963800000       -3.3675096000
        0.4250000000        1.4088800000       -3.4532211000
        0.4500000000        1.4213800000       -3.5307696000
        0.4750000000        1.4338800000       -3.5960736000
        0.5000000000        1.4463800000       -3.6436911000
        0.5250000000        1.4588800000       -3.6722616000
        0.5500000000        1.4713800000       -3.6845061000
        0.5750000000        1.4838800000       -3.6845061000
        0.6000000000        1.4963800000       -3.6749826000
        0.6250000000        1.5088800000       -3.6586566000
        0.6500000000        1.5213800000       -3.6396096000
        0.6750000000        1.5338800000       -3.6178416000
        0.7000000000        1.5463800000       -3.5947131000
        0.7250000000        1.5588800000       -3.5702241000
        0.7500000000        1.5713800000       -3.5457351000
        0.7750000000        1.5838800000       -3.5226066000
        0.8000000000        1.5963800000       -3.5008386000
        0.8250000000        1.6088800000       -3.4804311000
        0.8500000000        1.6213800000       -3.4627446000
        0.8750000000        1.6338800000       -3.4464186000
        0.9000000000        1.6463800000       -3.4328136000
        0.9250000000        1.6588800000       -3.4219296000
        0.9500000000        1.6713800000       -3.4137666000
        0.9750000000        1.6838800000       -3.4083246000
        1.0000000000        1.6963800000       -3.4069641000
 
        0.0000000000        1.1963800000       -3.2709141000
        0.0250000000        1.2088800000       -3.2001681000
        0.0500000000        1.2213800000       -3.1280616000
        0.0750000000        1.2338800000       -3.0559551000
        0.1000000000        1.2463800000       -2.9838486000
        0.1250000000        1.2588800000       -2.9117421000
        0.1500000000        1.2713800000       -2.8926951000
        0.1750000000        1.2838800000       -2.9294286000
        0.2000000000        1.2963800000       -2.9158236000
        0.2250000000        1.3088800000       -2.8423566000
        0.2500000000        1.3213800000       -2.7784131000
        0.2750000000        1.3338800000       -2.8790901000
        0.3000000000        1.3463800000       -2.9797671000
        0.3250000000        1.3588800000       -3.0790836000
        0.3500000000        1.3713800000       -3.1416666000
        0.3750000000        1.3838800000       -3.1661556000
        0.4000000000        1.3963800000       -3.1892841000
        0.4250000000        1.4088800000       -3.2096916000
        0.4500000000        1.4213800000       -3.2300991000
        0.4750000000        1.4338800000       -3.2477856000
        0.5000000000        1.4463800000       -3.2654721000
        0.5250000000        1.4588800000       -3.2817981000
        0.5500000000        1.4713800000       -3.2967636000
        0.5750000000        1.4838800000       -3.3103686000
        0.6000000000        1.4963800000       -3.3226131000
        0.6250000000        1.5088800000       -3.3334971000
        0.6500000000        1.5213800000       -3.3443811000
        0.6750000000        1.5338800000       -3.3539046000
        0.7000000000        1.5463800000       -3.3620676000
        0.7250000000        1.5588800000       -3.3702306000
        0.7500000000        1.5713800000       -3.3770331000
        0.7750000000        1.5838800000       -3.3824751000
        0.8000000000        1.5963800000       -3.3879171000
        0.8250000000        1.6088800000       -3.3933591000
        0.8500000000        1.6213800000       -3.3960801000
        0.8750000000        1.6338800000       -3.4001616000
        0.9000000000        1.6463800000       -3.4028826000
        0.9250000000        1.6588800000       -3.4042431000
        0.9500000000        1.6713800000       -3.4056036000
        0.9750000000        1.6838800000       -3.4069641000
        1.0000000000        1.6963800000       -3.4069641000
 
        0.0000000000        1.1963800000       -2.6301186000
        0.0250000000        1.2088800000       -2.6790966000
        0.0500000000        1.2213800000       -2.7253536000
        0.0750000000        1.2338800000       -2.7702501000
        0.1000000000        1.2463800000       -2.8124256000
        0.1250000000        1.2588800000       -2.8532406000
        0.1500000000        1.2713800000       -2.8396356000
        0.1750000000        1.2838800000       -2.7675291000
        0.2000000000        1.2963800000       -2.6954226000
        0.2250000000        1.3088800000       -2.6790966000
        0.2500000000        1.3213800000       -2.7675291000
        0.2750000000        1.3338800000       -2.6940621000
        0.3000000000        1.3463800000       -2.6219556000
        0.3250000000        1.3588800000       -2.5498491000
        0.3500000000        1.3713800000       -2.4791031000
        0.3750000000        1.3838800000       -2.4097176000
        0.4000000000        1.3963800000       -2.3416926000
        0.4250000000        1.4088800000       -2.2736676000
        0.4500000000        1.4213800000       -2.2083636000
        0.4750000000        1.4338800000       -2.1457806000
        0.5000000000        1.4463800000       -2.0831976000
        0.5250000000        1.4588800000       -2.0233356000
        0.5500000000        1.4713800000       -1.9661946000
        0.5750000000        1.4838800000       -1.9104141000
        0.6000000000        1.4963800000       -1.8559941000
        0.6250000000        1.5088800000       -1.8056556000
        0.6500000000        1.5213800000       -1.7566776000
        0.6750000000        1.5338800000       -1.7117811000
        0.7000000000        1.5463800000       -1.6682451000
        0.7250000000        1.5588800000       -1.6287906000
        0.7500000000        1.5713800000       -1.5906966000
        0.7750000000        1.5838800000       -1.5580446000
        0.8000000000        1.5963800000       -1.5267531000
        0.8250000000        1.6088800000       -1.4995431000
        0.8500000000        1.6213800000       -1.4764146000
        0.8750000000        1.6338800000       -1.4560071000
        0.9000000000        1.6463800000       -1.4396811000
        0.9250000000        1.6588800000       -1.4260761000
        0.9500000000        1.6713800000       -1.4165526000
        0.9750000000        1.6838800000       -1.4111106000
        1.0000000000        1.6963800000       -1.4097501000
 
        0.0000000000        1.1963800000       -2.6301186000
        0.0250000000        1.2088800000       -2.5797801000
        0.0500000000        1.2213800000       -2.5267206000
        0.0750000000        1.2338800000       -2.4723006000
        0.1000000000        1.2463800000       -2.4151596000
        0.1250000000        1.2588800000       -2.3552976000
        0.1500000000        1.2713800000       -2.3838681000
        0.1750000000        1.2838800000       -2.4804636000
        0.2000000000        1.2963800000       -2.5797801000
        0.2250000000        1.3088800000       -2.6246766000
        0.2500000000        1.3213800000       -2.5539306000
        0.2750000000        1.3338800000       -2.4845451000
        0.3000000000        1.3463800000       -2.4137991000
        0.3250000000        1.3588800000       -2.3457741000
        0.3500000000        1.3713800000       -2.2763886000
        0.3750000000        1.3838800000       -2.2097241000
        0.4000000000        1.3963800000       -2.1430596000
        0.4250000000        1.4088800000       -2.0763951000
        0.4500000000        1.4213800000       -2.0124516000
        0.4750000000        1.4338800000       -1.9512291000
        0.5000000000        1.4463800000       -1.8913671000
        0.5250000000        1.4588800000       -1.8342261000
        0.5500000000        1.4713800000       -1.7798061000
        0.5750000000        1.4838800000       -1.7294676000
        0.6000000000        1.4963800000       -1.6818501000
        0.6250000000        1.5088800000       -1.6396746000
        0.6500000000        1.5213800000       -1.6015806000
        0.6750000000        1.5338800000       -1.5675681000
        0.7000000000        1.5463800000       -1.5389976000
        0.7250000000        1.5588800000       -1.5131481000
        0.7500000000        1.5713800000       -1.4913801000
        0.7750000000        1.5838800000       -1.4736936000
        0.8000000000        1.5963800000       -1.4587281000
        0.8250000000        1.6088800000       -1.4451231000
        0.8500000000        1.6213800000       -1.4355996000
        0.8750000000        1.6338800000       -1.4274366000
        0.9000000000        1.6463800000       -1.4206341000
        0.9250000000        1.6588800000       -1.4151921000
        0.9500000000        1.6713800000       -1.4124711000
        0.9750000000        1.6838800000       -1.4097501000
        1.0000000000        1.6963800000       -1.4097501000
 
        0.0000000000        1.1963800000       -1.8410286000
        0.0250000000        1.2088800000       -1.9253796000
        0.0500000000        1.2213800000       -2.0124516000
        0.0750000000        1.2338800000       -2.1022446000
        0.1000000000        1.2463800000       -2.1947586000
        0.1250000000        1.2588800000       -2.2886331000
        0.1500000000        1.2713800000       -2.2940751000
        0.1750000000        1.2838800000       -2.2314921000
        0.2000000000        1.2963800000       -2.1661881000
        0.2250000000        1.3088800000       -2.0981631000
        0.2500000000        1.3213800000       -2.0287776000
        0.2750000000        1.3338800000       -1.9580316000
        0.3000000000        1.3463800000       -1.8845646000
        0.3250000000        1.3588800000       -1.8110976000
        0.3500000000        1.3713800000       -1.7349096000
        0.3750000000        1.3838800000       -1.6587216000
        0.4000000000        1.3963800000       -1.5798126000
        0.4250000000        1.4088800000       -1.4981826000
        0.4500000000        1.4213800000       -1.4192736000
        0.4750000000        1.4338800000       -1.3390041000
        0.5000000000        1.4463800000       -1.2600951000
        0.5250000000        1.4588800000       -1.1811861000
        0.5500000000        1.4713800000       -1.1022771000
        0.5750000000        1.4838800000       -1.0233681000
        0.6000000000        1.4963800000       -0.9471801000
        0.6250000000        1.5088800000       -0.8723526000
        0.6500000000        1.5213800000       -0.7988856000
        0.6750000000        1.5338800000       -0.7471866000
        0.7000000000        1.5463800000       -0.7145346000
        0.7250000000        1.5588800000       -0.6805221000
        0.7500000000        1.5713800000       -0.6478701000
        0.7750000000        1.5838800000       -0.6138576000
        0.8000000000        1.5963800000       -0.5812056000
        0.8250000000        1.6088800000       -0.5499141000
        0.8500000000        1.6213800000       -0.5213436000
        0.8750000000        1.6338800000       -0.4968546000
        0.9000000000        1.6463800000       -0.4750866000
        0.9250000000        1.6588800000       -0.4574001000
        0.9500000000        1.6713800000       -0.4451556000
        0.9750000000        1.6838800000       -0.4369926000
        1.0000000000        1.6963800000       -0.4342716000
 
        0.0000000000        1.1963800000       -1.8410286000
        0.0250000000        1.2088800000       -1.7580381000
        0.0500000000        1.2213800000       -1.6791291000
        0.0750000000        1.2338800000       -1.6029411000
        0.1000000000        1.2463800000       -1.5308346000
        0.1250000000        1.2588800000       -1.4614491000
        0.1500000000        1.2713800000       -1.3961451000
        0.1750000000        1.2838800000       -1.3349226000
        0.2000000000        1.2963800000       -1.2777816000
        0.2250000000        1.3088800000       -1.2260826000
        0.2500000000        1.3213800000       -1.1798256000
        0.2750000000        1.3338800000       -1.1362896000
        0.3000000000        1.3463800000       -1.0981956000
        0.3250000000        1.3588800000       -1.0655436000
        0.3500000000        1.3713800000       -1.0356126000
        0.3750000000        1.3838800000       -1.0111236000
        0.4000000000        1.3963800000       -0.9879951000
        0.4250000000        1.4088800000       -0.9675876000
        0.4500000000        1.4213800000       -0.9485406000
        0.4750000000        1.4338800000       -0.9308541000
        0.5000000000        1.4463800000       -0.9131676000
        0.5250000000        1.4588800000       -0.8941206000
        0.5500000000        1.4713800000       -0.8750736000
        0.5750000000        1.4838800000       -0.8546661000
        0.6000000000        1.4963800000       -0.8301771000
        0.6250000000        1.5088800000       -0.8056881000
        0.6500000000        1.5213800000       -0.7771176000
        0.6750000000        1.5338800000       -0.7281396000
        0.7000000000        1.5463800000       -0.6601146000
        0.7250000000        1.5588800000       -0.5961711000
        0.7500000000        1.5713800000       -0.5349486000
        0.7750000000        1.5838800000       -0.4778076000
        0.8000000000        1.5963800000       -0.4261086000
        0.8250000000        1.6088800000       -0.3784911000
        0.8500000000        1.6213800000       -0.3363156000
        0.8750000000        1.6338800000       -0.3009426000
        0.9000000000        1.6463800000       -0.2710116000
        0.9250000000        1.6588800000       -0.2723721000
        0.9500000000        1.6713800000       -0.2750931000
        0.9750000000        1.6838800000       -0.2750931000
        1.0000000000        1.6963800000       -0.2764536000
 
        0.0000000000        1.1963800000       -0.2669301000
        0.0250000000        1.2088800000       -0.2778141000
        0.0500000000        1.2213800000       -0.2859771000
        0.0750000000        1.2338800000       -0.2955006000
        0.1000000000        1.2463800000       -0.3036636000
        0.1250000000        1.2588800000       -0.3104661000
        0.1500000000        1.2713800000       -0.3172686000
        0.1750000000        1.2838800000       -0.3213501000
        0.2000000000        1.2963800000       -0.3240711000
        0.2250000000        1.3088800000       -0.3254316000
        0.2500000000        1.3213800000       -0.3254316000
        0.2750000000        1.3338800000       -0.3213501000
        0.3000000000        1.3463800000       -0.3172686000
        0.3250000000        1.3588800000       -0.3091056000
        0.3500000000        1.3713800000       -0.3009426000
        0.3750000000        1.3838800000       -0.2900586000
        0.4000000000        1.3963800000       -0.2791746000
        0.4250000000        1.4088800000       -0.2655696000
        0.4500000000        1.4213800000       -0.2546856000
        0.4750000000        1.4338800000       -0.2424411000
        0.5000000000        1.4463800000       -0.2315571000
        0.5250000000        1.4588800000       -0.2220336000
        0.5500000000        1.4713800000       -0.2138706000
        0.5750000000        1.4838800000       -0.2070681000
        0.6000000000        1.4963800000       -0.2043471000
        0.6250000000        1.5088800000       -0.2097891000
        0.6500000000        1.5213800000       -0.2165916000
        0.6750000000        1.5338800000       -0.2220336000
        0.7000000000        1.5463800000       -0.2288361000
        0.7250000000        1.5588800000       -0.2356386000
        0.7500000000        1.5713800000       -0.2410806000
        0.7750000000        1.5838800000       -0.2465226000
        0.8000000000        1.5963800000       -0.2519646000
        0.8250000000        1.6088800000       -0.2574066000
        0.8500000000        1.6213800000       -0.2628486000
        0.8750000000        1.6338800000       -0.2669301000
        0.9000000000        1.6463800000       -0.2696511000
        0.9250000000        1.6588800000       -0.2465226000
        0.9500000000        1.6713800000       -0.2301966000
        0.9750000000        1.6838800000       -0.2193126000
        1.0000000000        1.6963800000       -0.2165916000
 
        0.0000000000        1.1963800000       -0.2669301000
        0.0250000000        1.2088800000       -0.2574066000
        0.0500000000        1.2213800000       -0.2478831000
        0.0750000000        1.2338800000       -0.2383596000
        0.1000000000        1.2463800000       -0.2301966000
        0.1250000000        1.2588800000       -0.2206731000
        0.1500000000        1.2713800000       -0.2125101000
        0.1750000000        1.2838800000       -0.2057076000
        0.2000000000        1.2963800000       -0.1989051000
        0.2250000000        1.3088800000       -0.1934631000
        0.2500000000        1.3213800000       -0.1880211000
        0.2750000000        1.3338800000       -0.1839396000
        0.3000000000        1.3463800000       -0.1812186000
        0.3250000000        1.3588800000       -0.1784976000
        0.3500000000        1.3713800000       -0.1771371000
        0.3750000000        1.3838800000       -0.1757766000
        0.4000000000        1.3963800000       -0.1757766000
        0.4250000000        1.4088800000       -0.1771371000
        0.4500000000        1.4213800000       -0.1784976000
        0.4750000000        1.4338800000       -0.1812186000
        0.5000000000        1.4463800000       -0.1839396000
        0.5250000000        1.4588800000       -0.1880211000
        0.5500000000        1.4713800000       -0.1921026000
        0.5750000000        1.4838800000       -0.1989051000
        0.6000000000        1.4963800000       -0.2002656000
        0.6250000000        1.5088800000       -0.1961841000
        0.6500000000        1.5213800000       -0.1934631000
        0.6750000000        1.5338800000       -0.1921026000
        0.7000000000        1.5463800000       -0.1907421000
        0.7250000000        1.5588800000       -0.1907421000
        0.7500000000        1.5713800000       -0.1921026000
        0.7750000000        1.5838800000       -0.1948236000
        0.8000000000        1.5963800000       -0.1975446000
        0.8250000000        1.6088800000       -0.2002656000
        0.8500000000        1.6213800000       -0.2029866000
        0.8750000000        1.6338800000       -0.2070681000
        0.9000000000        1.6463800000       -0.2097891000
        0.9250000000        1.6588800000       -0.2125101000
        0.9500000000        1.6713800000       -0.2138706000
        0.9750000000        1.6838800000       -0.2152311000
        1.0000000000        1.6963800000       -0.2165916000
 
        0.0000000000        1.1963800000        7.1600394000
        0.0250000000        1.2088800000        7.1613999000
        0.0500000000        1.2213800000        7.1654814000
        0.0750000000        1.2338800000        7.1722839000
        0.1000000000        1.2463800000        7.1818074000
        0.1250000000        1.2588800000        7.1940519000
        0.1500000000        1.2713800000        7.2076569000
        0.1750000000        1.2838800000        7.2239829000
        0.2000000000        1.2963800000        7.2416694000
        0.2250000000        1.3088800000        7.2607164000
        0.2500000000        1.3213800000        7.2797634000
        0.2750000000        1.3338800000        7.3001709000
        0.3000000000        1.3463800000        7.3205784000
        0.3250000000        1.3588800000        7.3409859000
        0.3500000000        1.3713800000        7.3586724000
        0.3750000000        1.3838800000        7.3763589000
        0.4000000000        1.3963800000        7.3913244000
        0.4250000000        1.4088800000        7.4049294000
        0.4500000000        1.4213800000        7.4171739000
        0.4750000000        1.4338800000        7.4253369000
        0.5000000000        1.4463800000        7.4307789000
        0.5250000000        1.4588800000        7.4321394000
        0.5500000000        1.4713800000        7.4307789000
        0.5750000000        1.4838800000        7.4239764000
        0.6000000000        1.4963800000        7.4158134000
        0.6250000000        1.5088800000        7.3899639000
        0.6500000000        1.5213800000        7.3301019000
        0.6750000000        1.5338800000        7.2702399000
        0.7000000000        1.5463800000        7.2130989000
        0.7250000000        1.5588800000        7.1586789000
        0.7500000000        1.5713800000        7.1056194000
        0.7750000000        1.5838800000        7.0566414000
        0.8000000000        1.5963800000        7.0117449000
        0.8250000000        1.6088800000        6.9709299000
        0.8500000000        1.6213800000        6.9341964000
        0.8750000000        1.6338800000        6.9015444000
        0.9000000000        1.6463800000        6.8756949000
        0.9250000000        1.6588800000        6.8539269000
        0.9500000000        1.6713800000        6.8389614000
        0.9750000000        1.6838800000        6.8294379000
        1.0000000000        1.6963800000        6.8267169000
 
        0.0000000000        1.1963800000        7.1600394000
        0.0250000000        1.2088800000        7.1627604000
        0.0500000000        1.2213800000        7.1682024000
        0.0750000000        1.2338800000        7.1777259000
        0.1000000000        1.2463800000        7.1886099000
        0.1250000000        1.2588800000        7.2035754000
        0.1500000000        1.2713800000        7.2199014000
        0.1750000000        1.2838800000        7.2389484000
        0.2000000000        1.2963800000        7.2607164000
        0.2250000000        1.3088800000        7.2824844000
        0.2500000000        1.3213800000        7.3069734000
        0.2750000000        1.3338800000        7.3314624000
        0.3000000000        1.3463800000        7.3573119000
        0.3250000000        1.3588800000        7.3831614000
        0.3500000000        1.3713800000        7.4090109000
        0.3750000000        1.3838800000        7.4348604000
        0.4000000000        1.3963800000        7.4620704000
        0.4250000000        1.4088800000        7.4892804000
        0.4500000000        1.4213800000        7.5192114000
        0.4750000000        1.4338800000        7.5450609000
        0.5000000000        1.4463800000        7.5695499000
        0.5250000000        1.4588800000        7.5940389000
        0.5500000000        1.4713800000        7.5709104000
        0.5750000000        1.4838800000        7.5110484000
        0.6000000000        1.4963800000        7.4498259000
        0.6250000000        1.5088800000        7.4049294000
        0.6500000000        1.5213800000        7.3913244000
        0.6750000000        1.5338800000        7.3749984000
        0.7000000000        1.5463800000        7.3573119000
        0.7250000000        1.5588800000        7.3382649000
        0.7500000000        1.5713800000        7.3178574000
        0.7750000000        1.5838800000        7.2974499000
        0.8000000000        1.5963800000        7.2784029000
        0.8250000000        1.6088800000        7.2593559000
        0.8500000000        1.6213800000        7.2416694000
        0.8750000000        1.6338800000        7.2253434000
        0.9000000000        1.6463800000        7.2117384000
        0.9250000000        1.6588800000        7.2008544000
        0.9500000000        1.6713800000        7.1926914000
        0.9750000000        1.6838800000        7.1886099000
        1.0000000000        1.6963800000        7.1858889000
 
        0.0000000000        1.1963800000        8.2974174000
        0.0250000000        1.2088800000        8.2919754000
        0.0500000000        1.2213800000        8.2838124000
        0.0750000000        1.2338800000        8.2742889000
        0.1000000000        1.2463800000        8.2634049000
        0.1250000000        1.2588800000        8.2497999000
        0.1500000000        1.2713800000        8.2334739000
        0.1750000000        1.2838800000        8.2144269000
        0.2000000000        1.2963800000        8.1926589000
        0.2250000000        1.3088800000        8.1681699000
        0.2500000000        1.3213800000        8.1395994000
        0.2750000000        1.3338800000        8.1083079000
        0.3000000000        1.3463800000        8.0742954000
        0.3250000000        1.3588800000        8.0362014000
        0.3500000000        1.3713800000        7.9953864000
        0.3750000000        1.3838800000        7.9518504000
        0.4000000000        1.3963800000        7.9042329000
        0.4250000000        1.4088800000        7.8552549000
        0.4500000000        1.4213800000        7.8021954000
        0.4750000000        1.4338800000        7.7464149000
        0.5000000000        1.4463800000        7.6892739000
        0.5250000000        1.4588800000        7.6307724000
        0.5500000000        1.4713800000        7.6171674000
        0.5750000000        1.4838800000        7.6402959000
        0.6000000000        1.4963800000        7.6620639000
        0.6250000000        1.5088800000        7.6811109000
        0.6500000000        1.5213800000        7.7001579000
        0.6750000000        1.5338800000        7.7178444000
        0.7000000000        1.5463800000        7.7328099000
        0.7250000000        1.5588800000        7.7477754000
        0.7500000000        1.5713800000        7.7600199000
        0.7750000000        1.5838800000        7.7695434000
        0.8000000000        1.5963800000        7.7777064000
        0.8250000000        1.6088800000        7.7858694000
        0.8500000000        1.6213800000        7.7913114000
        0.8750000000        1.6338800000        7.7953929000
        0.9000000000        1.6463800000        7.7994744000
        0.9250000000        1.6588800000        7.8008349000
        0.9500000000        1.6713800000        7.8035559000
        0.9750000000        1.6838800000        7.8035559000
        1.0000000000        1.6963800000        7.8049164000
 
        0.0000000000        1.1963800000        8.2974174000
        0.0250000000        1.2088800000        8.3028594000
        0.0500000000        1.2213800000        8.3069409000
        0.0750000000        1.2338800000        8.3096619000
        0.1000000000        1.2463800000        8.3123829000
        0.1250000000        1.2588800000        8.3191854000
        0.1500000000        1.2713800000        8.3219064000
        0.1750000000        1.2838800000        8.3219064000
        0.2000000000        1.2963800000        8.3232669000
        0.2250000000        1.3088800000        8.3191854000
        0.2500000000        1.3213800000        8.3191854000
        0.2750000000        1.3338800000        8.3205459000
        0.3000000000        1.3463800000        8.3205459000
        0.3250000000        1.3588800000        8.3219064000
        0.3500000000        1.3713800000        8.3232669000
        0.3750000000        1.3838800000        8.3232669000
        0.4000000000        1.3963800000        8.3246274000
        0.4250000000        1.4088800000        8.3246274000
        0.4500000000        1.4213800000        8.3259879000
        0.4750000000        1.4338800000        8.3259879000
        0.5000000000        1.4463800000        8.3259879000
        0.5250000000        1.4588800000        8.3259879000
        0.5500000000        1.4713800000        8.3259879000
        0.5750000000        1.4838800000        8.3259879000
        0.6000000000        1.4963800000        8.3259879000
        0.6250000000        1.5088800000        8.3246274000
        0.6500000000        1.5213800000        8.3246274000
        0.6750000000        1.5338800000        8.3232669000
        0.7000000000        1.5463800000        8.3219064000
        0.7250000000        1.5588800000        8.3205459000
        0.7500000000        1.5713800000        8.3191854000
        0.7750000000        1.5838800000        8.3178249000
        0.8000000000        1.5963800000        8.3164644000
        0.8250000000        1.6088800000        8.3151039000
        0.8500000000        1.6213800000        8.3151039000
        0.8750000000        1.6338800000        8.3137434000
        0.9000000000        1.6463800000        8.3123829000
        0.9250000000        1.6588800000        8.3110224000
        0.9500000000        1.6713800000        8.3110224000
        0.9750000000        1.6838800000        8.3110224000
        1.0000000000        1.6963800000        8.3110224000
 
        0.0000000000        1.1963800000        9.6470334000
        0.0250000000        1.2088800000        9.5926134000
        0.0500000000        1.2213800000        9.5422749000
        0.0750000000        1.2338800000        9.4973784000
        0.1000000000        1.2463800000        9.4579239000
        0.1250000000        1.2588800000        9.4266324000
        0.1500000000        1.2713800000        9.4021434000
        0.1750000000        1.2838800000        9.3844569000
        0.2000000000        1.2963800000        9.3749334000
        0.2250000000        1.3088800000        9.3708519000
        0.2500000000        1.3213800000        9.3790149000
        0.2750000000        1.3338800000        9.3939804000
        0.3000000000        1.3463800000        9.4171089000
        0.3250000000        1.3588800000        9.4484004000
        0.3500000000        1.3713800000        9.4851339000
        0.3750000000        1.3838800000        9.5286699000
        0.4000000000        1.3963800000        9.5762874000
        0.4250000000        1.4088800000        9.6307074000
        0.4500000000        1.4213800000        9.6837669000
        0.4750000000        1.4338800000        9.7381869000
        0.5000000000        1.4463800000        9.7926069000
        0.5250000000        1.4588800000        9.8429454000
        0.5500000000        1.4713800000        9.8660739000
        0.5750000000        1.4838800000        9.8157354000
        0.6000000000        1.4963800000        9.7817229000
        0.6250000000        1.5088800000        9.7490709000
        0.6500000000        1.5213800000        9.7205004000
        0.6750000000        1.5338800000        9.6932904000
        0.7000000000        1.5463800000        9.6701619000
        0.7250000000        1.5588800000        9.6483939000
        0.7500000000        1.5713800000        9.6307074000
        0.7750000000        1.5838800000        9.6143814000
        0.8000000000        1.5963800000        9.6007764000
        0.8250000000        1.6088800000        9.5885319000
        0.8500000000        1.6213800000        9.5790084000
        0.8750000000        1.6338800000        9.5708454000
        0.9000000000        1.6463800000        9.5654034000
        0.9250000000        1.6588800000        9.5613219000
        0.9500000000        1.6713800000        9.5572404000
        0.9750000000        1.6838800000        9.5558799000
        1.0000000000        1.6963800000        9.5545194000
 
        0.0000000000        1.1963800000        9.6470334000
        0.0250000000        1.2088800000        9.7068954000
        0.0500000000        1.2213800000        9.7681179000
        0.0750000000        1.2338800000        9.8320614000
        0.1000000000        1.2463800000        9.8960049000
        0.1250000000        1.2588800000        9.9599484000
        0.1500000000        1.2713800000       10.0198104000
        0.1750000000        1.2838800000       10.0755909000
        0.2000000000        1.2963800000       10.1232084000
        0.2250000000        1.3088800000       10.1585814000
        0.2500000000        1.3213800000       10.1844309000
        0.2750000000        1.3338800000       10.1953149000
        0.3000000000        1.3463800000       10.1939544000
        0.3250000000        1.3588800000       10.1817099000
        0.3500000000        1.3713800000       10.1613024000
        0.3750000000        1.3838800000       10.1327319000
        0.4000000000        1.3963800000       10.0987194000
        0.4250000000        1.4088800000       10.0619859000
        0.4500000000        1.4213800000       10.0238919000
        0.4750000000        1.4338800000        9.9844374000
        0.5000000000        1.4463800000        9.9436224000
        0.5250000000        1.4588800000        9.9041679000
        0.5500000000        1.4713800000        9.8892024000
        0.5750000000        1.4838800000        9.9232149000
        0.6000000000        1.4963800000        9.9504249000
        0.6250000000        1.5088800000        9.9640299000
        0.6500000000        1.5213800000        9.9640299000
        0.6750000000        1.5338800000        9.9490644000
        0.7000000000        1.5463800000        9.9232149000
        0.7250000000        1.5588800000        9.8892024000
        0.7500000000        1.5713800000        9.8483874000
        0.7750000000        1.5838800000        9.8062119000
        0.8000000000        1.5963800000        9.7640364000
        0.8250000000        1.6088800000        9.7245819000
        0.8500000000        1.6213800000        9.6864879000
        0.8750000000        1.6338800000        9.6538359000
        0.9000000000        1.6463800000        9.6252654000
        0.9250000000        1.6588800000        9.6034974000
        0.9500000000        1.6713800000        9.5871714000
        0.9750000000        1.6838800000        9.5776479000
        1.0000000000        1.6963800000        9.5735664000
 
        0.0000000000        1.1963800000       10.9871259000
        0.0250000000        1.2088800000       10.9844049000
        0.0500000000        1.2213800000       10.9816839000
        0.0750000000        1.2338800000       10.9762419000
        0.1000000000        1.2463800000       10.9707999000
        0.1250000000        1.2588800000       10.9667184000
        0.1500000000        1.2713800000       10.9639974000
        0.1750000000        1.2838800000       10.9626369000
        0.2000000000        1.2963800000       10.9558344000
        0.2250000000        1.3088800000       10.9449504000
        0.2500000000        1.3213800000       10.9367874000
        0.2750000000        1.3338800000       10.9286244000
        0.3000000000        1.3463800000       10.9191009000
        0.3250000000        1.3588800000       10.9095774000
        0.3500000000        1.3713800000       10.8973329000
        0.3750000000        1.3838800000       10.8837279000
        0.4000000000        1.3963800000       10.8674019000
        0.4250000000        1.4088800000       10.8483549000
        0.4500000000        1.4213800000       10.8442734000
        0.4750000000        1.4338800000       10.8184239000
        0.5000000000        1.4463800000       10.7912139000
        0.5250000000        1.4588800000       10.7626434000
        0.5500000000        1.4713800000       10.7340729000
        0.5750000000        1.4838800000       10.7027814000
        0.6000000000        1.4963800000       10.6850949000
        0.6250000000        1.5088800000       10.6769319000
        0.6500000000        1.5213800000       10.6810134000
        0.6750000000        1.5338800000       10.6959789000
        0.7000000000        1.5463800000       10.7218284000
        0.7250000000        1.5588800000       10.7572014000
        0.7500000000        1.5713800000       10.7952954000
        0.7750000000        1.5838800000       10.8347499000
        0.8000000000        1.5963800000       10.8755649000
        0.8250000000        1.6088800000       10.9150194000
        0.8500000000        1.6213800000       10.9517529000
        0.8750000000        1.6338800000       10.9857654000
        0.9000000000        1.6463800000       11.0143359000
        0.9250000000        1.6588800000       11.0374644000
        0.9500000000        1.6713800000       11.0537904000
        0.9750000000        1.6838800000       11.0646744000
        1.0000000000        1.6963800000       11.0687559000
 
        0.0000000000        1.1963800000       10.9871259000
        0.0250000000        1.2088800000       10.9871259000
        0.0500000000        1.2213800000       10.9871259000
        0.0750000000        1.2338800000       10.9844049000
        0.1000000000        1.2463800000       10.9803234000
        0.1250000000        1.2588800000       10.9748814000
        0.1500000000        1.2713800000       10.9694394000
        0.1750000000        1.2838800000       10.9667184000
        0.2000000000        1.2963800000       10.9748814000
        0.2250000000        1.3088800000       10.9925679000
        0.2500000000        1.3213800000       11.0211384000
        0.2750000000        1.3338800000       11.0619534000
        0.3000000000        1.3463800000       11.1136524000
        0.3250000000        1.3588800000       11.1775959000
        0.3500000000        1.3713800000       11.2497024000
        0.3750000000        1.3838800000       11.3286114000
        0.4000000000        1.3963800000       11.3258904000
        0.4250000000        1.4088800000       11.3027619000
        0.4500000000        1.4213800000       11.2809939000
        0.4750000000        1.4338800000       11.2592259000
        0.5000000000        1.4463800000       11.2388184000
        0.5250000000        1.4588800000       11.2211319000
        0.5500000000        1.4713800000       11.2034454000
        0.5750000000        1.4838800000       11.1871194000
        0.6000000000        1.4963800000       11.1735144000
        0.6250000000        1.5088800000       11.1599094000
        0.6500000000        1.5213800000       11.1463044000
        0.6750000000        1.5338800000       11.1354204000
        0.7000000000        1.5463800000       11.1245364000
        0.7250000000        1.5588800000       11.1150129000
        0.7500000000        1.5713800000       11.1068499000
        0.7750000000        1.5838800000       11.1000474000
        0.8000000000        1.5963800000       11.0932449000
        0.8250000000        1.6088800000       11.0864424000
        0.8500000000        1.6213800000       11.0823609000
        0.8750000000        1.6338800000       11.0782794000
        0.9000000000        1.6463800000       11.0741979000
        0.9250000000        1.6588800000       11.0714769000
        0.9500000000        1.6713800000       11.0701164000
        0.9750000000        1.6838800000       11.0687559000
        1.0000000000        1.6963800000       11.0687559000
 
        0.0000000000        1.1963800000       11.9054634000
        0.0250000000        1.2088800000       11.8619274000
        0.0500000000        1.2213800000       11.8183914000
        0.0750000000        1.2338800000       11.7748554000
        0.1000000000        1.2463800000       11.7340404000
        0.1250000000        1.2588800000       11.6918649000
        0.1500000000        1.2713800000       11.6524104000
        0.1750000000        1.2838800000       11.6129559000
        0.2000000000        1.2963800000       11.5762224000
        0.2250000000        1.3088800000       11.5367679000
        0.2500000000        1.3213800000       11.5027554000
        0.2750000000        1.3338800000       11.4687429000
        0.3000000000        1.3463800000       11.4374514000
        0.3250000000        1.3588800000       11.4075204000
        0.3500000000        1.3713800000       11.3789499000
        0.3750000000        1.3838800000       11.3517399000
        0.4000000000        1.3963800000       11.4129624000
        0.4250000000        1.4088800000       11.5041159000
        0.4500000000        1.4213800000       11.5952694000
        0.4750000000        1.4338800000       11.6891439000
        0.5000000000        1.4463800000       11.7843789000
        0.5250000000        1.4588800000       11.8796139000
        0.5500000000        1.4713800000       11.9748489000
        0.5750000000        1.4838800000       12.0660024000
        0.6000000000        1.4963800000       12.1598769000
        0.6250000000        1.5088800000       12.2523909000
        0.6500000000        1.5213800000       12.3435444000
        0.6750000000        1.5338800000       12.4306164000
        0.7000000000        1.5463800000       12.5163279000
        0.7250000000        1.5588800000       12.5979579000
        0.7500000000        1.5713800000       12.6768669000
        0.7750000000        1.5838800000       12.7489734000
        0.8000000000        1.5963800000       12.8169984000
        0.8250000000        1.6088800000       12.8795814000
        0.8500000000        1.6213800000       12.9353619000
        0.8750000000        1.6338800000       12.9829794000
        0.9000000000        1.6463800000       13.0237944000
        0.9250000000        1.6588800000       13.0564464000
        0.9500000000        1.6713800000       13.0795749000
        0.9750000000        1.6838800000       13.0945404000
        1.0000000000        1.6963800000       13.0986219000
 
        0.0000000000        1.1963800000       11.9054634000
        0.0250000000        1.2088800000       11.9503599000
        0.0500000000        1.2213800000       11.9966169000
        0.0750000000        1.2338800000       12.0415134000
        0.1000000000        1.2463800000       12.0864099000
        0.1250000000        1.2588800000       12.1340274000
        0.1500000000        1.2713800000       12.1789239000
        0.1750000000        1.2838800000       12.2238204000
        0.2000000000        1.2963800000       12.2687169000
        0.2250000000        1.3088800000       12.3122529000
        0.2500000000        1.3213800000       12.3557889000
        0.2750000000        1.3338800000       12.3993249000
        0.3000000000        1.3463800000       12.4415004000
        0.3250000000        1.3588800000       12.4823154000
        0.3500000000        1.3713800000       12.5231304000
        0.3750000000        1.3838800000       12.5625849000
        0.4000000000        1.3963800000       12.6006789000
        0.4250000000        1.4088800000       12.6741459000
        0.4500000000        1.4213800000       12.7081584000
        0.4750000000        1.4338800000       12.7435314000
        0.5000000000        1.4463800000       12.7761834000
        0.5250000000        1.4588800000       12.8074749000
        0.5500000000        1.4713800000       12.8374059000
        0.5750000000        1.4838800000       12.8646159000
        0.6000000000        1.4963800000       12.8918259000
        0.6250000000        1.5088800000       12.9176754000
        0.6500000000        1.5213800000       12.9408039000
        0.6750000000        1.5338800000       12.9625719000
        0.7000000000        1.5463800000       12.9829794000
        0.7250000000        1.5588800000       13.0020264000
        0.7500000000        1.5713800000       13.0197129000
        0.7750000000        1.5838800000       13.0346784000
        0.8000000000        1.5963800000       13.0482834000
        0.8250000000        1.6088800000       13.0605279000
        0.8500000000        1.6213800000       13.0700514000
        0.8750000000        1.6338800000       13.0795749000
        0.9000000000        1.6463800000       13.0863774000
        0.9250000000        1.6588800000       13.0918194000
        0.9500000000        1.6713800000       13.0959009000
        0.9750000000        1.6838800000       13.0972614000
        1.0000000000        1.6963800000       13.0986219000
 
        0.0000000000        1.1963800000       13.8441759000
        0.0250000000        1.2088800000       13.8033609000
        0.0500000000        1.2213800000       13.7611854000
        0.0750000000        1.2338800000       13.7176494000
        0.1000000000        1.2463800000       13.6727529000
        0.1250000000        1.2588800000       13.6264959000
        0.1500000000        1.2713800000       13.5775179000
        0.1750000000        1.2838800000       13.5244584000
        0.2000000000        1.2963800000       13.4700384000
        0.2250000000        1.3088800000       13.4128974000
        0.2500000000        1.3213800000       13.3530354000
        0.2750000000        1.3338800000       13.2918129000
        0.3000000000        1.3463800000       13.2292299000
        0.3250000000        1.3588800000       13.1680074000
        0.3500000000        1.3713800000       13.1081454000
        0.3750000000        1.3838800000       13.0523649000
        0.4000000000        1.3963800000       13.0006659000
        0.4250000000        1.4088800000       12.9557694000
        0.4500000000        1.4213800000       12.9190359000
        0.4750000000        1.4338800000       12.8918259000
        0.5000000000        1.4463800000       12.8727789000
        0.5250000000        1.4588800000       12.8646159000
        0.5500000000        1.4713800000       12.8659764000
        0.5750000000        1.4838800000       12.8754999000
        0.6000000000        1.4963800000       12.8945469000
        0.6250000000        1.5088800000       12.9217569000
        0.6500000000        1.5213800000       12.9557694000
        0.6750000000        1.5338800000       12.9938634000
        0.7000000000        1.5463800000       13.0360389000
        0.7250000000        1.5588800000       13.0863774000
        0.7500000000        1.5713800000       13.1312739000
        0.7750000000        1.5838800000       13.1748099000
        0.8000000000        1.5963800000       13.2169854000
        0.8250000000        1.6088800000       13.2564399000
        0.8500000000        1.6213800000       13.2918129000
        0.8750000000        1.6338800000       13.3231044000
        0.9000000000        1.6463800000       13.3489539000
        0.9250000000        1.6588800000       13.3707219000
        0.9500000000        1.6713800000       13.3856874000
        0.9750000000        1.6838800000       13.3938504000
        1.0000000000        1.6963800000       13.3965714000
 
        0.0000000000        1.1963800000       13.8441759000
        0.0250000000        1.2088800000       13.8849909000
        0.0500000000        1.2213800000       13.9258059000
        0.0750000000        1.2338800000       13.9679814000
        0.1000000000        1.2463800000       14.0101569000
        0.1250000000        1.2588800000       14.0536929000
        0.1500000000        1.2713800000       14.0985894000
        0.1750000000        1.2838800000       14.1462069000
        0.2000000000        1.2963800000       14.1938244000
        0.2250000000        1.3088800000       14.2400814000
        0.2500000000        1.3213800000       14.2904199000
        0.2750000000        1.3338800000       14.3434794000
        0.3000000000        1.3463800000       14.3978994000
        0.3250000000        1.3588800000       14.4536799000
        0.3500000000        1.3713800000       14.5108209000
        0.3750000000        1.3838800000       14.5693224000
        0.4000000000        1.3963800000       14.6305449000
        0.4250000000        1.4088800000       14.6931279000
        0.4500000000        1.4213800000       14.7625134000
        0.4750000000        1.4338800000       14.8305384000
        0.5000000000        1.4463800000       14.9012844000
        0.5250000000        1.4588800000       14.9747514000
        0.5500000000        1.4713800000       15.0522999000
        0.5750000000        1.4838800000       15.1135224000
        0.6000000000        1.4963800000       15.1978734000
        0.6250000000        1.5088800000       15.2863059000
        0.6500000000        1.5213800000       15.3774594000
        0.6750000000        1.5338800000       15.4726944000
        0.7000000000        1.5463800000       15.5692899000
        0.7250000000        1.5588800000       15.6672459000
        0.7500000000        1.5713800000       15.7652019000
        0.7750000000        1.5838800000       15.8631579000
        0.8000000000        1.5963800000       15.9583929000
        0.8250000000        1.6088800000       16.0495464000
        0.8500000000        1.6213800000       16.1338974000
        0.8750000000        1.6338800000       16.1461419000
        0.9000000000        1.6463800000       16.1189319000
        0.9250000000        1.6588800000       16.0971639000
        0.9500000000        1.6713800000       16.0808379000
        0.9750000000        1.6838800000       16.0713144000
        1.0000000000        1.6963800000       16.0672329000
 
