        0.0000000000        2.7432047959      -17.6047339500
        0.0249926900        2.7598665425      -17.6060944500
        0.0499983721        2.7765369504      -17.6088154500
        0.0749985647        2.7932036988      -17.6101759500
        0.0999912548        2.8098654454      -17.6128969500
        0.1249969368        2.8265358533      -17.6142574500
        0.1499971295        2.8432026016      -17.6169784500
        0.1750028115        2.8598730095      -17.6183389500
        0.1999955016        2.8765347562      -17.6196994500
        0.2249956942        2.8932015045      -17.6210599500
        0.2500013762        2.9098719124      -17.6224204500
        0.2749940663        2.9265336590      -17.6224204500
        0.2999942589        2.9432004073      -17.6237809500
        0.3249999410        2.9598708153      -17.6237809500
        0.3499926310        2.9765325619      -17.6237809500
        0.3750058118        2.9932079689      -17.6237809500
        0.3999985018        3.0098697155      -17.6237809500
        0.4249911919        3.0265314621      -17.6237809500
        0.4500043726        3.0432068692      -17.6224204500
        0.4749970627        3.0598686158      -17.6210599500
        0.4999897527        3.0765303624      -17.6210599500
        0.5250029334        3.0932057694      -17.6196994500
        0.5499956235        3.1098675160      -17.6183389500
        0.5750013055        3.1265379239      -17.6183389500
        0.6000014982        3.1432046723      -17.6169784500
        0.6249941882        3.1598664189      -17.6156179500
        0.6499998703        3.1765368268      -17.6156179500
        0.6750000629        3.1932035751      -17.6142574500
        0.6999927530        3.2098653217      -17.6142574500
        0.7249984350        3.2265357296      -17.6142574500
        0.7499986277        3.2432024780      -17.6142574500
        0.7750043097        3.2598728859      -17.6142574500
        0.7999969997        3.2765346325      -17.6142574500
        0.8249971924        3.2932013808      -17.6156179500
        0.8500028744        3.3098717887      -17.6156179500
        0.8749955645        3.3265335353      -17.6156179500
        0.8999957571        3.3432002837      -17.6169784500
        0.9250014392        3.3598706916      -17.6169784500
        0.9499941292        3.3765324382      -17.6169784500
        0.9750073100        3.3932078452      -17.6169784500
        1.0000000000        3.4098695919      -17.6169784500
 
        0.0000000000        2.7432047959      -17.6047339500
        0.0249926900        2.7598665425      -17.6020129500
        0.0499983721        2.7765369504      -17.6006524500
        0.0749985647        2.7932036988      -17.5979314500
        0.0999912548        2.8098654454      -17.5952104500
        0.1249969368        2.8265358533      -17.5924894500
        0.1499971295        2.8432026016      -17.5884079500
        0.1750028115        2.8598730095      -17.5856869500
        0.1999955016        2.8765347562      -17.5816054500
        0.2249956942        2.8932015045      -17.5775239500
        0.2500013762        2.9098719124      -17.5720819500
        0.2749940663        2.9265336590      -17.5666399500
        0.2999942589        2.9432004073      -17.5598374500
        0.3249999410        2.9598708153      -17.5543954500
        0.3499926310        2.9765325619      -17.5462324500
        0.3750058118        2.9932079689      -17.5394299500
        0.3999985018        3.0098697155      -17.5312669500
        0.4249911919        3.0265314621      -17.5231039500
        0.4500043726        3.0432068692      -17.5135804500
        0.4749970627        3.0598686158      -17.5040569500
        0.4999897527        3.0765303624      -17.4931729500
        0.5250029334        3.0932057694      -17.4809284500
        0.5499956235        3.1098675160      -17.4700444500
        0.5750013055        3.1265379239      -17.4577999500
        0.6000014982        3.1432046723      -17.4455554500
        0.6249941882        3.1598664189      -17.4319504500
        0.6499998703        3.1765368268      -17.4183454500
        0.6750000629        3.1932035751      -17.4033799500
        0.6999927530        3.2098653217      -17.3897749500
        0.7249984350        3.2265357296      -17.3734489500
        0.7499986277        3.2432024780      -17.3571229500
        0.7750043097        3.2598728859      -17.3407969500
        0.7999969997        3.2765346325      -17.3244709500
        0.8249971924        3.2932013808      -17.3067844500
        0.8500028744        3.3098717887      -17.2877374500
        0.8749955645        3.3265335353      -17.2700509500
        0.8999957571        3.3432002837      -17.2523644500
        0.9250014392        3.3598706916      -17.2360384500
        0.9499941292        3.3765324382      -17.2210729500
        0.9750073100        3.3932078452      -17.2115494500
        1.0000000000        3.4098695919      -17.2074679500
 
        0.0000000000        2.7432047959      -16.9380889500
        0.0249926900        2.7598665425      -16.9380889500
        0.0499983721        2.7765369504      -16.9367284500
        0.0749985647        2.7932036988      -16.9353679500
        0.0999912548        2.8098654454      -16.9340074500
        0.1249969368        2.8265358533      -16.9326469500
        0.1499971295        2.8432026016      -16.9312864500
        0.1750028115        2.8598730095      -16.9285654500
        0.1999955016        2.8765347562      -16.9258444500
        0.2249956942        2.8932015045      -16.9231234500
        0.2500013762        2.9098719124      -16.9204024500
        0.2749940663        2.9265336590      -16.9176814500
        0.2999942589        2.9432004073      -16.9135999500
        0.3249999410        2.9598708153      -16.9095184500
        0.3499926310        2.9765325619      -16.9067974500
        0.3750058118        2.9932079689      -16.9040764500
        0.3999985018        3.0098697155      -16.9013554500
        0.4249911919        3.0265314621      -16.8986344500
        0.4500043726        3.0432068692      -16.8959134500
        0.4749970627        3.0598686158      -16.8931924500
        0.4999897527        3.0765303624      -16.8918319500
        0.5250029334        3.0932057694      -16.8904714500
        0.5499956235        3.1098675160      -16.8891109500
        0.5750013055        3.1265379239      -16.8918319500
        0.6000014982        3.1432046723      -16.8972739500
        0.6249941882        3.1598664189      -16.9027159500
        0.6499998703        3.1765368268      -16.9081579500
        0.6750000629        3.1932035751      -16.9135999500
        0.6999927530        3.2098653217      -16.9176814500
        0.7249984350        3.2265357296      -16.9231234500
        0.7499986277        3.2432024780      -16.9272049500
        0.7750043097        3.2598728859      -16.9312864500
        0.7999969997        3.2765346325      -16.9353679500
        0.8249971924        3.2932013808      -16.9394494500
        0.8500028744        3.3098717887      -16.9421704500
        0.8749955645        3.3265335353      -16.9448914500
        0.8999957571        3.3432002837      -16.9476124500
        0.9250014392        3.3598706916      -16.9489729500
        0.9499941292        3.3765324382      -16.9503334500
        0.9750073100        3.3932078452      -16.9516939500
        1.0000000000        3.4098695919      -16.9516939500
 
        0.0000000000        2.7432047959      -16.7653054500
        0.0249926900        2.7598665425      -16.7666659500
        0.0499983721        2.7765369504      -16.7707474500
        0.0749985647        2.7932036988      -16.7748289500
        0.0999912548        2.8098654454      -16.7802709500
        0.1249969368        2.8265358533      -16.7857129500
        0.1499971295        2.8432026016      -16.7911549500
        0.1750028115        2.8598730095      -16.7965969500
        0.1999955016        2.8765347562      -16.8020389500
        0.2249956942        2.8932015045      -16.8088414500
        0.2500013762        2.9098719124      -16.8142834500
        0.2749940663        2.9265336590      -16.8197254500
        0.2999942589        2.9432004073      -16.8265279500
        0.3249999410        2.9598708153      -16.8319699500
        0.3499926310        2.9765325619      -16.8387724500
        0.3750058118        2.9932079689      -16.8442144500
        0.3999985018        3.0098697155      -16.8510169500
        0.4249911919        3.0265314621      -16.8564589500
        0.4500043726        3.0432068692      -16.8632614500
        0.4749970627        3.0598686158      -16.8687034500
        0.4999897527        3.0765303624      -16.8741454500
        0.5250029334        3.0932057694      -16.8809479500
        0.5499956235        3.1098675160      -16.8863899500
        0.5750013055        3.1265379239      -16.8891109500
        0.6000014982        3.1432046723      -16.8891109500
        0.6249941882        3.1598664189      -16.8904714500
        0.6499998703        3.1765368268      -16.8931924500
        0.6750000629        3.1932035751      -16.8945529500
        0.6999927530        3.2098653217      -16.8972739500
        0.7249984350        3.2265357296      -16.9013554500
        0.7499986277        3.2432024780      -16.9040764500
        0.7750043097        3.2598728859      -16.9081579500
        0.7999969997        3.2765346325      -16.9122394500
        0.8249971924        3.2932013808      -16.9149604500
        0.8500028744        3.3098717887      -16.9176814500
        0.8749955645        3.3265335353      -16.9204024500
        0.8999957571        3.3432002837      -16.9231234500
        0.9250014392        3.3598706916      -16.9244839500
        0.9499941292        3.3765324382      -16.9258444500
        0.9750073100        3.3932078452      -16.9272049500
        1.0000000000        3.4098695919      -16.9272049500
 
        0.0000000000        2.7432047959      -16.7625844500
        0.0249926900        2.7598665425      -16.7653054500
        0.0499983721        2.7765369504      -16.7666659500
        0.0749985647        2.7932036988      -16.7680264500
        0.0999912548        2.8098654454      -16.7707474500
        0.1249969368        2.8265358533      -16.7721079500
        0.1499971295        2.8432026016      -16.7748289500
        0.1750028115        2.8598730095      -16.7775499500
        0.1999955016        2.8765347562      -16.7802709500
        0.2249956942        2.8932015045      -16.7816314500
        0.2500013762        2.9098719124      -16.7829919500
        0.2749940663        2.9265336590      -16.7843524500
        0.2999942589        2.9432004073      -16.7870734500
        0.3249999410        2.9598708153      -16.7911549500
        0.3499926310        2.9765325619      -16.7952364500
        0.3750058118        2.9932079689      -16.8006784500
        0.3999985018        3.0098697155      -16.8047599500
        0.4249911919        3.0265314621      -16.8088414500
        0.4500043726        3.0432068692      -16.8142834500
        0.4749970627        3.0598686158      -16.8183649500
        0.4999897527        3.0765303624      -16.8224464500
        0.5250029334        3.0932057694      -16.8278884500
        0.5499956235        3.1098675160      -16.8319699500
        0.5750013055        3.1265379239      -16.8360514500
        0.6000014982        3.1432046723      -16.8401329500
        0.6249941882        3.1598664189      -16.8455749500
        0.6499998703        3.1765368268      -16.8496564500
        0.6750000629        3.1932035751      -16.8537379500
        0.6999927530        3.2098653217      -16.8578194500
        0.7249984350        3.2265357296      -16.8619009500
        0.7499986277        3.2432024780      -16.8659824500
        0.7750043097        3.2598728859      -16.8687034500
        0.7999969997        3.2765346325      -16.8714244500
        0.8249971924        3.2932013808      -16.8741454500
        0.8500028744        3.3098717887      -16.8768664500
        0.8749955645        3.3265335353      -16.8782269500
        0.8999957571        3.3432002837      -16.8795874500
        0.9250014392        3.3598706916      -16.8809479500
        0.9499941292        3.3765324382      -16.9013554500
        0.9750073100        3.3932078452      -16.9204024500
        1.0000000000        3.4098695919      -16.9272049500
 
        0.0000000000        2.7432047959      -16.7625844500
        0.0249926900        2.7598665425      -16.7598634500
        0.0499983721        2.7765369504      -16.7571424500
        0.0749985647        2.7932036988      -16.7557819500
        0.0999912548        2.8098654454      -16.7571424500
        0.1249969368        2.8265358533      -16.7585029500
        0.1499971295        2.8432026016      -16.7625844500
        0.1750028115        2.8598730095      -16.7666659500
        0.1999955016        2.8765347562      -16.7693869500
        0.2249956942        2.8932015045      -16.7734684500
        0.2500013762        2.9098719124      -16.7775499500
        0.2749940663        2.9265336590      -16.7829919500
        0.2999942589        2.9432004073      -16.7857129500
        0.3249999410        2.9598708153      -16.7857129500
        0.3499926310        2.9765325619      -16.7870734500
        0.3750058118        2.9932079689      -16.7870734500
        0.3999985018        3.0098697155      -16.7870734500
        0.4249911919        3.0265314621      -16.7870734500
        0.4500043726        3.0432068692      -16.7870734500
        0.4749970627        3.0598686158      -16.7884339500
        0.4999897527        3.0765303624      -16.7911549500
        0.5250029334        3.0932057694      -16.7952364500
        0.5499956235        3.1098675160      -16.8006784500
        0.5750013055        3.1265379239      -16.8074809500
        0.6000014982        3.1432046723      -16.8142834500
        0.6249941882        3.1598664189      -16.8197254500
        0.6499998703        3.1765368268      -16.8265279500
        0.6750000629        3.1932035751      -16.8333304500
        0.6999927530        3.2098653217      -16.8401329500
        0.7249984350        3.2265357296      -16.8455749500
        0.7499986277        3.2432024780      -16.8510169500
        0.7750043097        3.2598728859      -16.8578194500
        0.7999969997        3.2765346325      -16.8619009500
        0.8249971924        3.2932013808      -16.8673429500
        0.8500028744        3.3098717887      -16.8714244500
        0.8749955645        3.3265335353      -16.8741454500
        0.8999957571        3.3432002837      -16.8782269500
        0.9250014392        3.3598706916      -16.8809479500
        0.9499941292        3.3765324382      -16.8823084500
        0.9750073100        3.3932078452      -16.8823084500
        1.0000000000        3.4098695919      -16.8823084500
 
        0.0000000000        2.7432047959      -16.7517004500
        0.0249926900        2.7598665425      -16.7544214500
        0.0499983721        2.7765369504      -16.7557819500
        0.0749985647        2.7932036988      -16.7557819500
        0.0999912548        2.8098654454      -16.7557819500
        0.1249969368        2.8265358533      -16.7557819500
        0.1499971295        2.8432026016      -16.7557819500
        0.1750028115        2.8598730095      -16.7544214500
        0.1999955016        2.8765347562      -16.7544214500
        0.2249956942        2.8932015045      -16.7557819500
        0.2500013762        2.9098719124      -16.7557819500
        0.2749940663        2.9265336590      -16.7571424500
        0.2999942589        2.9432004073      -16.7585029500
        0.3249999410        2.9598708153      -16.7612239500
        0.3499926310        2.9765325619      -16.7625844500
        0.3750058118        2.9932079689      -16.7666659500
        0.3999985018        3.0098697155      -16.7707474500
        0.4249911919        3.0265314621      -16.7748289500
        0.4500043726        3.0432068692      -16.7775499500
        0.4749970627        3.0598686158      -16.7802709500
        0.4999897527        3.0765303624      -16.7802709500
        0.5250029334        3.0932057694      -16.7802709500
        0.5499956235        3.1098675160      -16.7789104500
        0.5750013055        3.1265379239      -16.7775499500
        0.6000014982        3.1432046723      -16.7748289500
        0.6249941882        3.1598664189      -16.7734684500
        0.6499998703        3.1765368268      -16.7707474500
        0.6750000629        3.1932035751      -16.7693869500
        0.6999927530        3.2098653217      -16.7666659500
        0.7249984350        3.2265357296      -16.7653054500
        0.7499986277        3.2432024780      -16.7625844500
        0.7750043097        3.2598728859      -16.7612239500
        0.7999969997        3.2765346325      -16.7585029500
        0.8249971924        3.2932013808      -16.7571424500
        0.8500028744        3.3098717887      -16.7585029500
        0.8749955645        3.3265335353      -16.7897944500
        0.8999957571        3.3432002837      -16.8346909500
        0.9250014392        3.3598706916      -16.8714244500
        0.9499941292        3.3765324382      -16.8809479500
        0.9750073100        3.3932078452      -16.8823084500
        1.0000000000        3.4098695919      -16.8823084500
 
        0.0000000000        2.7432047959      -16.7517004500
        0.0249926900        2.7598665425      -16.7503399500
        0.0499983721        2.7765369504      -16.7489794500
        0.0749985647        2.7932036988      -16.7503399500
        0.0999912548        2.8098654454      -16.7503399500
        0.1249969368        2.8265358533      -16.7503399500
        0.1499971295        2.8432026016      -16.7489794500
        0.1750028115        2.8598730095      -16.7476189500
        0.1999955016        2.8765347562      -16.7462584500
        0.2249956942        2.8932015045      -16.7448979500
        0.2500013762        2.9098719124      -16.7421769500
        0.2749940663        2.9265336590      -16.7408164500
        0.2999942589        2.9432004073      -16.7394559500
        0.3249999410        2.9598708153      -16.7367349500
        0.3499926310        2.9765325619      -16.7340139500
        0.3750058118        2.9932079689      -16.7340139500
        0.3999985018        3.0098697155      -16.7312929500
        0.4249911919        3.0265314621      -16.7299324500
        0.4500043726        3.0432068692      -16.7272114500
        0.4749970627        3.0598686158      -16.7258509500
        0.4999897527        3.0765303624      -16.7258509500
        0.5250029334        3.0932057694      -16.7285719500
        0.5499956235        3.1098675160      -16.7312929500
        0.5750013055        3.1265379239      -16.7353744500
        0.6000014982        3.1432046723      -16.7394559500
        0.6249941882        3.1598664189      -16.7421769500
        0.6499998703        3.1765368268      -16.7448979500
        0.6750000629        3.1932035751      -16.7462584500
        0.6999927530        3.2098653217      -16.7476189500
        0.7249984350        3.2265357296      -16.7489794500
        0.7499986277        3.2432024780      -16.7489794500
        0.7750043097        3.2598728859      -16.7489794500
        0.7999969997        3.2765346325      -16.7489794500
        0.8249971924        3.2932013808      -16.7489794500
        0.8500028744        3.3098717887      -16.7489794500
        0.8749955645        3.3265335353      -16.7517004500
        0.8999957571        3.3432002837      -16.7517004500
        0.9250014392        3.3598706916      -16.7503399500
        0.9499941292        3.3765324382      -16.7462584500
        0.9750073100        3.3932078452      -16.7448979500
        1.0000000000        3.4098695919      -16.7448979500
 
        0.0000000000        2.7432047959      -16.7176879500
        0.0249926900        2.7598665425      -16.7163274500
        0.0499983721        2.7765369504      -16.7136064500
        0.0749985647        2.7932036988      -16.7081644500
        0.0999912548        2.8098654454      -16.7040829500
        0.1249969368        2.8265358533      -16.6986409500
        0.1499971295        2.8432026016      -16.6945594500
        0.1750028115        2.8598730095      -16.6918384500
        0.1999955016        2.8765347562      -16.6891174500
        0.2249956942        2.8932015045      -16.6877569500
        0.2500013762        2.9098719124      -16.6863964500
        0.2749940663        2.9265336590      -16.6863964500
        0.2999942589        2.9432004073      -16.6863964500
        0.3249999410        2.9598708153      -16.6877569500
        0.3499926310        2.9765325619      -16.6904779500
        0.3750058118        2.9932079689      -16.6945594500
        0.3999985018        3.0098697155      -16.6986409500
        0.4249911919        3.0265314621      -16.7027224500
        0.4500043726        3.0432068692      -16.7068039500
        0.4749970627        3.0598686158      -16.7095249500
        0.4999897527        3.0765303624      -16.7122459500
        0.5250029334        3.0932057694      -16.7122459500
        0.5499956235        3.1098675160      -16.7108854500
        0.5750013055        3.1265379239      -16.7081644500
        0.6000014982        3.1432046723      -16.7040829500
        0.6249941882        3.1598664189      -16.7013619500
        0.6499998703        3.1765368268      -16.6972804500
        0.6750000629        3.1932035751      -16.6931989500
        0.6999927530        3.2098653217      -16.6891174500
        0.7249984350        3.2265357296      -16.6850359500
        0.7499986277        3.2432024780      -16.6809544500
        0.7750043097        3.2598728859      -16.6768729500
        0.7999969997        3.2765346325      -16.6741519500
        0.8249971924        3.2932013808      -16.6795939500
        0.8500028744        3.3098717887      -16.7326534500
        0.8749955645        3.3265335353      -16.7489794500
        0.8999957571        3.3432002837      -16.7489794500
        0.9250014392        3.3598706916      -16.7489794500
        0.9499941292        3.3765324382      -16.7462584500
        0.9750073100        3.3932078452      -16.7448979500
        1.0000000000        3.4098695919      -16.7448979500
 
        0.0000000000        2.7432047959      -16.6646284500
        0.0249926900        2.7598665425      -16.6632679500
        0.0499983721        2.7765369504      -16.6632679500
        0.0749985647        2.7932036988      -16.6632679500
        0.0999912548        2.8098654454      -16.6619074500
        0.1249969368        2.8265358533      -16.6619074500
        0.1499971295        2.8432026016      -16.6605469500
        0.1750028115        2.8598730095      -16.6605469500
        0.1999955016        2.8765347562      -16.6591864500
        0.2249956942        2.8932015045      -16.6578259500
        0.2500013762        2.9098719124      -16.6578259500
        0.2749940663        2.9265336590      -16.6564654500
        0.2999942589        2.9432004073      -16.6564654500
        0.3249999410        2.9598708153      -16.6551049500
        0.3499926310        2.9765325619      -16.6551049500
        0.3750058118        2.9932079689      -16.6551049500
        0.3999985018        3.0098697155      -16.6551049500
        0.4249911919        3.0265314621      -16.6537444500
        0.4500043726        3.0432068692      -16.6537444500
        0.4749970627        3.0598686158      -16.6537444500
        0.4999897527        3.0765303624      -16.6537444500
        0.5250029334        3.0932057694      -16.6537444500
        0.5499956235        3.1098675160      -16.6537444500
        0.5750013055        3.1265379239      -16.6537444500
        0.6000014982        3.1432046723      -16.6537444500
        0.6249941882        3.1598664189      -16.6537444500
        0.6499998703        3.1765368268      -16.6537444500
        0.6750000629        3.1932035751      -16.6537444500
        0.6999927530        3.2098653217      -16.6537444500
        0.7249984350        3.2265357296      -16.6537444500
        0.7499986277        3.2432024780      -16.6551049500
        0.7750043097        3.2598728859      -16.6551049500
        0.7999969997        3.2765346325      -16.6578259500
        0.8249971924        3.2932013808      -16.6700704500
        0.8500028744        3.3098717887      -16.6673494500
        0.8749955645        3.3265335353      -16.6632679500
        0.8999957571        3.3432002837      -16.6605469500
        0.9250014392        3.3598706916      -16.6591864500
        0.9499941292        3.3765324382      -16.6564654500
        0.9750073100        3.3932078452      -16.6551049500
        1.0000000000        3.4098695919      -16.6551049500
 
        0.0000000000        2.7432047959      -13.3069144500
        0.0249926900        2.7598665425      -13.3613344500
        0.0499983721        2.7765369504      -13.4239174500
        0.0749985647        2.7932036988      -13.4960239500
        0.0999912548        2.8098654454      -13.5762934500
        0.1249969368        2.8265358533      -13.6647259500
        0.1499971295        2.8432026016      -13.7599609500
        0.1750028115        2.8598730095      -13.8619984500
        0.1999955016        2.8765347562      -13.9708384500
        0.2249956942        2.8932015045      -14.0837599500
        0.2500013762        2.9098719124      -14.2021234500
        0.2749940663        2.9265336590      -14.3232079500
        0.2999942589        2.9432004073      -14.4470134500
        0.3249999410        2.9598708153      -14.5735399500
        0.3499926310        2.9765325619      -14.7000664500
        0.3750058118        2.9932079689      -14.8279534500
        0.3999985018        3.0098697155      -14.9558404500
        0.4249911919        3.0265314621      -15.0823669500
        0.4500043726        3.0432068692      -15.2088934500
        0.4749970627        3.0598686158      -15.3326989500
        0.4999897527        3.0765303624      -15.4524229500
        0.5250029334        3.0932057694      -15.5721469500
        0.5499956235        3.1098675160      -15.6877894500
        0.5750013055        3.1265379239      -15.7993504500
        0.6000014982        3.1432046723      -15.9081904500
        0.6249941882        3.1598664189      -16.0129489500
        0.6499998703        3.1765368268      -16.1122654500
        0.6750000629        3.1932035751      -16.2075004500
        0.6999927530        3.2098653217      -16.2986539500
        0.7249984350        3.2265357296      -16.3843654500
        0.7499986277        3.2432024780      -16.4646349500
        0.7750043097        3.2598728859      -16.5394624500
        0.7999969997        3.2765346325      -16.6074874500
        0.8249971924        3.2932013808      -16.6483024500
        0.8500028744        3.3098717887      -16.6537444500
        0.8749955645        3.3265335353      -16.6537444500
        0.8999957571        3.3432002837      -16.6551049500
        0.9250014392        3.3598706916      -16.6551049500
        0.9499941292        3.3765324382      -16.6551049500
        0.9750073100        3.3932078452      -16.6551049500
        1.0000000000        3.4098695919      -16.6551049500
 
        0.0000000000        2.7432047959      -13.3069144500
        0.0249926900        2.7598665425      -13.2565759500
        0.0499983721        2.7765369504      -13.2089584500
        0.0749985647        2.7932036988      -13.1654224500
        0.0999912548        2.8098654454      -13.1246074500
        0.1249969368        2.8265358533      -13.0878739500
        0.1499971295        2.8432026016      -13.0552219500
        0.1750028115        2.8598730095      -13.0293724500
        0.1999955016        2.8765347562      -13.0089649500
        0.2249956942        2.8932015045      -12.9953599500
        0.2500013762        2.9098719124      -12.9871969500
        0.2749940663        2.9265336590      -12.9871969500
        0.2999942589        2.9432004073      -12.9926389500
        0.3249999410        2.9598708153      -13.0048834500
        0.3499926310        2.9765325619      -13.0225699500
        0.3750058118        2.9932079689      -13.0470589500
        0.3999985018        3.0098697155      -13.0756294500
        0.4249911919        3.0265314621      -13.1082814500
        0.4500043726        3.0432068692      -13.1450149500
        0.4749970627        3.0598686158      -13.1858299500
        0.4999897527        3.0765303624      -13.2280054500
        0.5250029334        3.0932057694      -13.2729019500
        0.5499956235        3.1098675160      -13.3177984500
        0.5750013055        3.1265379239      -13.3640554500
        0.6000014982        3.1432046723      -13.4103124500
        0.6249941882        3.1598664189      -13.4552089500
        0.6499998703        3.1765368268      -13.5001054500
        0.6750000629        3.1932035751      -13.5436414500
        0.6999927530        3.2098653217      -13.5844564500
        0.7249984350        3.2265357296      -13.6239109500
        0.7499986277        3.2432024780      -13.6606444500
        0.7750043097        3.2598728859      -13.6946569500
        0.7999969997        3.2765346325      -13.7259484500
        0.8249971924        3.2932013808      -13.7531584500
        0.8500028744        3.3098717887      -13.7776474500
        0.8749955645        3.3265335353      -13.7980549500
        0.8999957571        3.3432002837      -13.8157414500
        0.9250014392        3.3598706916      -13.8293464500
        0.9499941292        3.3765324382      -13.8388699500
        0.9750073100        3.3932078452      -13.8456724500
        1.0000000000        3.4098695919      -13.8470329500
 
        0.0000000000        2.7432047959       -5.8826659500
        0.0249926900        2.7598665425       -5.9085154500
        0.0499983721        2.7765369504       -5.9438884500
        0.0749985647        2.7932036988       -5.9670169500
        0.0999912548        2.8098654454       -5.9751799500
        0.1249969368        2.8265358533       -5.9792614500
        0.1499971295        2.8432026016       -6.0241579500
        0.1750028115        2.8598730095       -6.0622519500
        0.1999955016        2.8765347562       -6.0921829500
        0.2249956942        2.8932015045       -6.1139509500
        0.2500013762        2.9098719124       -6.1289164500
        0.2749940663        2.9265336590       -6.1398004500
        0.2999942589        2.9432004073       -6.1479634500
        0.3249999410        2.9598708153       -6.1574869500
        0.3499926310        2.9765325619       -6.1751734500
        0.3750058118        2.9932079689       -6.2064649500
        0.3999985018        3.0098697155       -6.2513614500
        0.4249911919        3.0265314621       -6.3112234500
        0.4500043726        3.0432068692       -6.3846904500
        0.4749970627        3.0598686158       -6.4663204500
        0.4999897527        3.0765303624       -6.5547529500
        0.5250029334        3.0932057694       -6.6459064500
        0.5499956235        3.1098675160       -6.7384204500
        0.5750013055        3.1265379239       -6.8309344500
        0.6000014982        3.1432046723       -6.9207274500
        0.6249941882        3.1598664189       -7.0091599500
        0.6499998703        3.1765368268       -7.0921504500
        0.6750000629        3.1932035751       -7.1724199500
        0.6999927530        3.2098653217       -7.2472474500
        0.7249984350        3.2265357296       -7.3166329500
        0.7499986277        3.2432024780       -7.3819369500
        0.7750043097        3.2598728859       -7.4404384500
        0.7999969997        3.2765346325       -7.4934979500
        0.8249971924        3.2932013808       -7.5411154500
        0.8500028744        3.3098717887       -7.5819304500
        0.8749955645        3.3265335353       -7.6173034500
        0.8999957571        3.3432002837       -7.6458739500
        0.9250014392        3.3598706916       -7.6676419500
        0.9499941292        3.3765324382       -7.6839679500
        0.9750073100        3.3932078452       -7.6934914500
        1.0000000000        3.4098695919       -7.6962124500
 
        0.0000000000        2.7432047959       -5.7071614500
        0.0249926900        2.7598665425       -5.7602209500
        0.0499983721        2.7765369504       -5.8160014500
        0.0749985647        2.7932036988       -5.8731424500
        0.0999912548        2.8098654454       -5.9275624500
        0.1249969368        2.8265358533       -5.9656564500
        0.1499971295        2.8432026016       -5.9384464500
        0.1750028115        2.8598730095       -5.8949104500
        0.1999955016        2.8765347562       -5.8350484500
        0.2249956942        2.8932015045       -5.7588604500
        0.2500013762        2.9098719124       -5.6677069500
        0.2749940663        2.9265336590       -5.5629484500
        0.2999942589        2.9432004073       -5.4432244500
        0.3249999410        2.9598708153       -5.3112559500
        0.3499926310        2.9765325619       -5.1656824500
        0.3750058118        2.9932079689       -5.0105854500
        0.3999985018        3.0098697155       -4.8731749500
        0.4249911919        3.0265314621       -4.8214759500
        0.4500043726        3.0432068692       -4.7384854500
        0.4749970627        3.0598686158       -4.6296454500
        0.4999897527        3.0765303624       -4.4976769500
        0.5250029334        3.0932057694       -4.3466614500
        0.5499956235        3.1098675160       -4.1779594500
        0.5750013055        3.1265379239       -3.9970129500
        0.6000014982        3.1432046723       -3.8051824500
        0.6249941882        3.1598664189       -3.6024679500
        0.6499998703        3.1765368268       -3.3943114500
        0.6750000629        3.1932035751       -3.1807129500
        0.6999927530        3.2098653217       -2.9643934500
        0.7249984350        3.2265357296       -2.7480739500
        0.7499986277        3.2432024780       -2.5331149500
        0.7750043097        3.2598728859       -2.3222374500
        0.7999969997        3.2765346325       -2.1195229500
        0.8249971924        3.2932013808       -1.9276924500
        0.8500028744        3.3098717887       -1.7494669500
        0.8749955645        3.3265335353       -1.5902884500
        0.8999957571        3.3432002837       -1.4515174500
        0.9250014392        3.3598706916       -1.3385959500
        0.9499941292        3.3765324382       -1.2528844500
        0.9750073100        3.3932078452       -1.2011854500
        1.0000000000        3.4098695919       -1.1834989500
 
        0.0000000000        2.7432047959       -5.7071614500
        0.0249926900        2.7598665425       -5.6200894500
        0.0499983721        2.7765369504       -5.4990049500
        0.0749985647        2.7932036988       -5.3683969500
        0.0999912548        2.8098654454       -5.2296259500
        0.1249969368        2.8265358533       -5.0854129500
        0.1499971295        2.8432026016       -4.9357579500
        0.1750028115        2.8598730095       -4.7833819500
        0.1999955016        2.8765347562       -4.6255639500
        0.2249956942        2.8932015045       -4.4636644500
        0.2500013762        2.9098719124       -4.5711439500
        0.2749940663        2.9265336590       -4.6745419500
        0.2999942589        2.9432004073       -4.7643349500
        0.3249999410        2.9598708153       -4.8337204500
        0.3499926310        2.9765325619       -4.8786169500
        0.3750058118        2.9932079689       -4.8922219500
        0.3999985018        3.0098697155       -4.8432439500
        0.4249911919        3.0265314621       -4.6663789500
        0.4500043726        3.0432068692       -4.4813509500
        0.4749970627        3.0598686158       -4.2854389500
        0.4999897527        3.0765303624       -4.0827244500
        0.5250029334        3.0932057694       -3.8745679500
        0.5499956235        3.1098675160       -3.6582484500
        0.5750013055        3.1265379239       -3.4378474500
        0.6000014982        3.1432046723       -3.2133649500
        0.6249941882        3.1598664189       -2.9875219500
        0.6499998703        3.1765368268       -2.7603184500
        0.6750000629        3.1932035751       -2.5344754500
        0.6999927530        3.2098653217       -2.3154349500
        0.7249984350        3.2265357296       -2.1059179500
        0.7499986277        3.2432024780       -1.9127269500
        0.7750043097        3.2598728859       -1.7413039500
        0.7999969997        3.2765346325       -1.5970909500
        0.8249971924        3.2932013808       -1.4828089500
        0.8500028744        3.3098717887       -1.3916554500
        0.8749955645        3.3265335353       -1.3222699500
        0.8999957571        3.3432002837       -1.2705709500
        0.9250014392        3.3598706916       -1.2311164500
        0.9499941292        3.3765324382       -1.2039064500
        0.9750073100        3.3932078452       -1.1889409500
        1.0000000000        3.4098695919       -1.1834989500
 
        0.0000000000        2.7432047959       -3.3575779500
        0.0249926900        2.7598665425       -3.4664179500
        0.0499983721        2.7765369504       -3.5820604500
        0.0749985647        2.7932036988       -3.7031449500
        0.0999912548        2.8098654454       -3.8269504500
        0.1249969368        2.8265358533       -3.9534769500
        0.1499971295        2.8432026016       -4.0813639500
        0.1750028115        2.8598730095       -4.2092509500
        0.1999955016        2.8765347562       -4.3357774500
        0.2249956942        2.8932015045       -4.4568619500
        0.2500013762        2.9098719124       -4.3004044500
        0.2749940663        2.9265336590       -4.1330629500
        0.2999942589        2.9432004073       -3.9643609500
        0.3249999410        2.9598708153       -3.7956589500
        0.3499926310        2.9765325619       -3.6242359500
        0.3750058118        2.9932079689       -3.4528129500
        0.3999985018        3.0098697155       -3.2827504500
        0.4249911919        3.0265314621       -3.1140484500
        0.4500043726        3.0432068692       -2.9467069500
        0.4749970627        3.0598686158       -2.7820864500
        0.4999897527        3.0765303624       -2.6201869500
        0.5250029334        3.0932057694       -2.4623689500
        0.5499956235        3.1098675160       -2.3099929500
        0.5750013055        3.1265379239       -2.1616984500
        0.6000014982        3.1432046723       -2.0202064500
        0.6249941882        3.1598664189       -1.8827959500
        0.6499998703        3.1765368268       -1.7494669500
        0.6750000629        3.1932035751       -1.6215799500
        0.6999927530        3.2098653217       -1.4950534500
        0.7249984350        3.2265357296       -1.3685269500
        0.7499986277        3.2432024780       -1.2379189500
        0.7750043097        3.2598728859       -1.0977874500
        0.7999969997        3.2765346325       -0.9440509500
        0.8249971924        3.2932013808       -0.7821514500
        0.8500028744        3.3098717887       -0.6161704500
        0.8749955645        3.3265335353       -0.4556314500
        0.8999957571        3.3432002837       -0.3086974500
        0.9250014392        3.3598706916       -0.1835314500
        0.9499941292        3.3765324382       -0.0882964500
        0.9750073100        3.3932078452       -0.0488419500
        1.0000000000        3.4098695919       -0.0447604500
 
        0.0000000000        2.7432047959       -3.3575779500
        0.0249926900        2.7598665425       -3.2487379500
        0.0499983721        2.7765369504       -3.1371769500
        0.0749985647        2.7932036988       -3.0228949500
        0.0999912548        2.8098654454       -2.9181364500
        0.1249969368        2.8265358533       -2.8446694500
        0.1499971295        2.8432026016       -2.7589579500
        0.1750028115        2.8598730095       -2.6650834500
        0.1999955016        2.8765347562       -2.5644064500
        0.2249956942        2.8932015045       -2.4555664500
        0.2500013762        2.9098719124       -2.3426449500
        0.2749940663        2.9265336590       -2.2256419500
        0.2999942589        2.9432004073       -2.1059179500
        0.3249999410        2.9598708153       -1.9834729500
        0.3499926310        2.9765325619       -1.8596674500
        0.3750058118        2.9932079689       -1.7345014500
        0.3999985018        3.0098697155       -1.6106959500
        0.4249911919        3.0265314621       -1.4868904500
        0.4500043726        3.0432068692       -1.3658059500
        0.4749970627        3.0598686158       -1.2474424500
        0.4999897527        3.0765303624       -1.1317999500
        0.5250029334        3.0932057694       -1.0188784500
        0.5499956235        3.1098675160       -0.9113989500
        0.5750013055        3.1265379239       -0.8080009500
        0.6000014982        3.1432046723       -0.7114054500
        0.6249941882        3.1598664189       -0.6188914500
        0.6499998703        3.1765368268       -0.5331799500
        0.6750000629        3.1932035751       -0.4542709500
        0.6999927530        3.2098653217       -0.3930484500
        0.7249984350        3.2265357296       -0.3359074500
        0.7499986277        3.2432024780       -0.2842084500
        0.7750043097        3.2598728859       -0.2379514500
        0.7999969997        3.2765346325       -0.1957759500
        0.8249971924        3.2932013808       -0.1604029500
        0.8500028744        3.3098717887       -0.1277509500
        0.8749955645        3.3265335353       -0.1005409500
        0.8999957571        3.3432002837       -0.0787729500
        0.9250014392        3.3598706916       -0.0610864500
        0.9499941292        3.3765324382       -0.0461209500
        0.9750073100        3.3932078452       -0.0189109500
        1.0000000000        3.4098695919        0.0001360500
 
        0.0000000000        2.7432047959       -3.0664309500
        0.0249926900        2.7598665425       -3.0555469500
        0.0499983721        2.7765369504       -3.0256159500
        0.0749985647        2.7932036988       -2.9793589500
        0.0999912548        2.8098654454       -2.9045314500
        0.1249969368        2.8265358533       -2.7848074500
        0.1499971295        2.8432026016       -2.6623624500
        0.1750028115        2.8598730095       -2.5399174500
        0.1999955016        2.8765347562       -2.4147514500
        0.2249956942        2.8932015045       -2.2909459500
        0.2500013762        2.9098719124       -2.1657799500
        0.2749940663        2.9265336590       -2.0419744500
        0.2999942589        2.9432004073       -1.9195294500
        0.3249999410        2.9598708153       -1.7970844500
        0.3499926310        2.9765325619       -1.6787209500
        0.3750058118        2.9932079689       -1.5617179500
        0.3999985018        3.0098697155       -1.4460754500
        0.4249911919        3.0265314621       -1.3345144500
        0.4500043726        3.0432068692       -1.2270349500
        0.4749970627        3.0598686158       -1.1236369500
        0.4999897527        3.0765303624       -1.0229599500
        0.5250029334        3.0932057694       -0.9277249500
        0.5499956235        3.1098675160       -0.8365714500
        0.5750013055        3.1265379239       -0.7508599500
        0.6000014982        3.1432046723       -0.6692299500
        0.6249941882        3.1598664189       -0.5930419500
        0.6499998703        3.1765368268       -0.5209354500
        0.6750000629        3.1932035751       -0.4529104500
        0.6999927530        3.2098653217       -0.3794434500
        0.7249984350        3.2265357296       -0.3127789500
        0.7499986277        3.2432024780       -0.2529169500
        0.7750043097        3.2598728859       -0.1998574500
        0.7999969997        3.2765346325       -0.1536004500
        0.8249971924        3.2932013808       -0.1141459500
        0.8500028744        3.3098717887       -0.0801334500
        0.8749955645        3.3265335353       -0.0542839500
        0.8999957571        3.3432002837       -0.0338764500
        0.9250014392        3.3598706916       -0.0189109500
        0.9499941292        3.3765324382       -0.0080269500
        0.9750073100        3.3932078452       -0.0012244500
        1.0000000000        3.4098695919        0.0001360500
 
        0.0000000000        2.7432047959        6.8448115500
        0.0249926900        2.7598665425        6.8516140500
        0.0499983721        2.7765369504        6.8747425500
        0.0749985647        2.7932036988        6.9101155500
        0.0999912548        2.8098654454        6.9618145500
        0.1249969368        2.8265358533        7.0271185500
        0.1499971295        2.8432026016        7.1060275500
        0.1750028115        2.8598730095        7.1971810500
        0.1999955016        2.8765347562        7.3019395500
        0.2249956942        2.8932015045        7.4175820500
        0.2500013762        2.9098719124        7.5454690500
        0.2749940663        2.9265336590        7.6828795500
        0.2999942589        2.9432004073        7.8298135500
        0.3249999410        2.9598708153        7.9862710500
        0.3499926310        2.9765325619        8.1495310500
        0.3750058118        2.9932079689        8.1427285500
        0.3999985018        3.0098697155        7.9440955500
        0.4249911919        3.0265314621        7.7454625500
        0.4500043726        3.0432068692        7.5468295500
        0.4749970627        3.0598686158        7.3495570500
        0.4999897527        3.0765303624        7.1536450500
        0.5250029334        3.0932057694        6.9563725500
        0.5499956235        3.1098675160        6.7604605500
        0.5750013055        3.1265379239        6.5645485500
        0.6000014982        3.1432046723        6.3686365500
        0.6249941882        3.1598664189        6.1727245500
        0.6499998703        3.1765368268        5.9768125500
        0.6750000629        3.1932035751        5.7809005500
        0.6999927530        3.2098653217        5.5849885500
        0.7249984350        3.2265357296        5.3904370500
        0.7499986277        3.2432024780        5.1986065500
        0.7750043097        3.2598728859        5.0081365500
        0.7999969997        3.2765346325        4.8231085500
        0.8249971924        3.2932013808        4.6448830500
        0.8500028744        3.3098717887        4.4761810500
        0.8749955645        3.3265335353        4.3197235500
        0.8999957571        3.3432002837        4.1809525500
        0.9250014392        3.3598706916        4.0653100500
        0.9499941292        3.3765324382        3.9768775500
        0.9750073100        3.3932078452        3.9210970500
        1.0000000000        3.4098695919        3.9020500500
 
        0.0000000000        2.7432047959       10.6065940500
        0.0249926900        2.7598665425       10.5181615500
        0.0499983721        2.7765369504       10.4188450500
        0.0749985647        2.7932036988       10.3059235500
        0.0999912548        2.8098654454       10.1766760500
        0.1249969368        2.8265358533       10.0311025500
        0.1499971295        2.8432026016        9.8719240500
        0.1750028115        2.8598730095        9.6991405500
        0.1999955016        2.8765347562        9.5181940500
        0.2249956942        2.8932015045        9.3304450500
        0.2500013762        2.9098719124        9.1372540500
        0.2749940663        2.9265336590        8.9413420500
        0.2999942589        2.9432004073        8.7427090500
        0.3249999410        2.9598708153        8.5440760500
        0.3499926310        2.9765325619        8.3440825500
        0.3750058118        2.9932079689        8.3182330500
        0.3999985018        3.0098697155        8.4937375500
        0.4249911919        3.0265314621        8.6746840500
        0.4500043726        3.0432068692        8.8569910500
        0.4749970627        3.0598686158        9.0406585500
        0.4999897527        3.0765303624        9.2161630500
        0.5250029334        3.0932057694        9.3113980500
        0.5499956235        3.1098675160        9.1971160500
        0.5750013055        3.1265379239        9.0297745500
        0.6000014982        3.1432046723        8.8515490500
        0.6249941882        3.1598664189        8.6665210500
        0.6499998703        3.1765368268        8.4774115500
        0.6750000629        3.1932035751        8.2842205500
        0.6999927530        3.2098653217        8.0910295500
        0.7249984350        3.2265357296        7.8978385500
        0.7499986277        3.2432024780        7.7060080500
        0.7750043097        3.2598728859        7.5196195500
        0.7999969997        3.2765346325        7.3400335500
        0.8249971924        3.2932013808        7.1686105500
        0.8500028744        3.3098717887        7.0107925500
        0.8749955645        3.3265335353        6.8693005500
        0.8999957571        3.3432002837        6.7468555500
        0.9250014392        3.3598706916        6.6475390500
        0.9499941292        3.3765324382        6.5740720500
        0.9750073100        3.3932078452        6.5291755500
        1.0000000000        3.4098695919        6.5128495500
 
        0.0000000000        2.7432047959       10.6065940500
        0.0249926900        2.7598665425       10.6120360500
        0.0499983721        2.7765369504       10.5685000500
        0.0749985647        2.7932036988       10.5072775500
        0.0999912548        2.8098654454       10.4378920500
        0.1249969368        2.8265358533       10.3657855500
        0.1499971295        2.8432026016       10.2936790500
        0.1750028115        2.8598730095       10.2229330500
        0.1999955016        2.8765347562       10.1589895500
        0.2249956942        2.8932015045       10.0991275500
        0.2500013762        2.9098719124       10.0433470500
        0.2749940663        2.9265336590        9.9943690500
        0.2999942589        2.9432004073        9.9521935500
        0.3249999410        2.9598708153        9.9168205500
        0.3499926310        2.9765325619        9.8882500500
        0.3750058118        2.9932079689        9.8678425500
        0.3999985018        3.0098697155        9.8583190500
        0.4249911919        3.0265314621        9.8583190500
        0.4500043726        3.0432068692        9.8637610500
        0.4749970627        3.0598686158        9.7222690500
        0.4999897527        3.0765303624        9.5834980500
        0.5250029334        3.0932057694        9.5168335500
        0.5499956235        3.1098675160        9.6515230500
        0.5750013055        3.1265379239        9.8297485500
        0.6000014982        3.1432046723       10.0106950500
        0.6249941882        3.1598664189       10.1916415500
        0.6499998703        3.1765368268       10.3671460500
        0.6750000629        3.1932035751       10.5358480500
        0.6999927530        3.2098653217       10.6787005500
        0.7249984350        3.2265357296       10.8310765500
        0.7499986277        3.2432024780       10.9929760500
        0.7750043097        3.2598728859       11.1263050500
        0.7999969997        3.2765346325       11.2446685500
        0.8249971924        3.2932013808       11.3494270500
        0.8500028744        3.3098717887       11.4405805500
        0.8749955645        3.3265335353       11.5154080500
        0.8999957571        3.3432002837       11.5766305500
        0.9250014392        3.3598706916       11.6215270500
        0.9499941292        3.3765324382       11.6541790500
        0.9750073100        3.3932078452       11.6732260500
        1.0000000000        3.4098695919       11.6786680500
 
        0.0000000000        2.7432047959       10.6270015500
        0.0249926900        2.7598665425       10.6800610500
        0.0499983721        2.7765369504       10.7358415500
        0.0749985647        2.7932036988       10.7766565500
        0.0999912548        2.8098654454       10.8011455500
        0.1249969368        2.8265358533       10.8120295500
        0.1499971295        2.8432026016       10.8065875500
        0.1750028115        2.8598730095       10.7889010500
        0.1999955016        2.8765347562       10.7589700500
        0.2249956942        2.8932015045       10.7167945500
        0.2500013762        2.9098719124       10.6637350500
        0.2749940663        2.9265336590       10.5997915500
        0.2999942589        2.9432004073       10.5263245500
        0.3249999410        2.9598708153       10.4446945500
        0.3499926310        2.9765325619       10.3508200500
        0.3750058118        2.9932079689       10.2365380500
        0.3999985018        3.0098697155       10.1222560500
        0.4249911919        3.0265314621        9.9970900500
        0.4500043726        3.0432068692        9.8692030500
        0.4749970627        3.0598686158        9.8909710500
        0.4999897527        3.0765303624        9.9263440500
        0.5250029334        3.0932057694        9.9726010500
        0.5499956235        3.1098675160       10.0338235500
        0.5750013055        3.1265379239       10.1072905500
        0.6000014982        3.1432046723       10.1943625500
        0.6249941882        3.1598664189       10.2950395500
        0.6499998703        3.1765368268       10.4106820500
        0.6750000629        3.1932035751       10.5385690500
        0.6999927530        3.2098653217       10.6991080500
        0.7249984350        3.2265357296       10.8514840500
        0.7499986277        3.2432024780       10.9943365500
        0.7750043097        3.2598728859       11.1630385500
        0.7999969997        3.2765346325       11.3385430500
        0.8249971924        3.2932013808       11.5140475500
        0.8500028744        3.3098717887       11.6881915500
        0.8749955645        3.3265335353       11.8541725500
        0.8999957571        3.3432002837       12.0051880500
        0.9250014392        3.3598706916       12.1357960500
        0.9499941292        3.3765324382       12.2364730500
        0.9750073100        3.3932078452       12.3017770500
        1.0000000000        3.4098695919       12.3235450500
 
        0.0000000000        2.7432047959       12.3113005500
        0.0249926900        2.7598665425       12.2650435500
        0.0499983721        2.7765369504       12.2187865500
        0.0749985647        2.7932036988       12.1752505500
        0.0999912548        2.8098654454       12.1344355500
        0.1249969368        2.8265358533       12.0963415500
        0.1499971295        2.8432026016       12.0623290500
        0.1750028115        2.8598730095       12.0337585500
        0.1999955016        2.8765347562       12.0106300500
        0.2249956942        2.8932015045       11.9943040500
        0.2500013762        2.9098719124       11.9861410500
        0.2749940663        2.9265336590       11.9847805500
        0.2999942589        2.9432004073       11.9915830500
        0.3249999410        2.9598708153       12.0065485500
        0.3499926310        2.9765325619       12.0323980500
        0.3750058118        2.9932079689       12.0596080500
        0.3999985018        3.0098697155       12.1045045500
        0.4249911919        3.0265314621       12.1602850500
        0.4500043726        3.0432068692       12.2269495500
        0.4749970627        3.0598686158       12.3044980500
        0.4999897527        3.0765303624       12.3929305500
        0.5250029334        3.0932057694       12.4895260500
        0.5499956235        3.1098675160       12.5956450500
        0.5750013055        3.1265379239       12.7004035500
        0.6000014982        3.1432046723       12.7684285500
        0.6249941882        3.1598664189       12.8486980500
        0.6499998703        3.1765368268       12.9398515500
        0.6750000629        3.1932035751       13.0378075500
        0.6999927530        3.2098653217       13.1344030500
        0.7249984350        3.2265357296       13.0949485500
        0.7499986277        3.2432024780       12.9806665500
        0.7750043097        3.2598728859       12.8663845500
        0.7999969997        3.2765346325       12.7575445500
        0.8249971924        3.2932013808       12.6568675500
        0.8500028744        3.3098717887       12.5684350500
        0.8749955645        3.3265335353       12.4922470500
        0.8999957571        3.3432002837       12.4296640500
        0.9250014392        3.3598706916       12.3820465500
        0.9499941292        3.3765324382       12.3493945500
        0.9750073100        3.3932078452       12.3303475500
        1.0000000000        3.4098695919       12.3235450500
 
        0.0000000000        2.7432047959       12.3113005500
        0.0249926900        2.7598665425       12.3602785500
        0.0499983721        2.7765369504       12.4119775500
        0.0749985647        2.7932036988       12.4663975500
        0.0999912548        2.8098654454       12.5235385500
        0.1249969368        2.8265358533       12.5834005500
        0.1499971295        2.8432026016       12.6459835500
        0.1750028115        2.8598730095       12.7112875500
        0.1999955016        2.8765347562       12.7806730500
        0.2249956942        2.8932015045       12.8500585500
        0.2500013762        2.9098719124       12.9221650500
        0.2749940663        2.9265336590       12.9929110500
        0.2999942589        2.9432004073       13.0310050500
        0.3249999410        2.9598708153       12.9371305500
        0.3499926310        2.9765325619       12.8364535500
        0.3750058118        2.9932079689       12.7466605500
        0.3999985018        3.0098697155       12.6772750500
        0.4249911919        3.0265314621       12.6255760500
        0.4500043726        3.0432068692       12.5929240500
        0.4749970627        3.0598686158       12.5793190500
        0.4999897527        3.0765303624       12.5847610500
        0.5250029334        3.0932057694       12.6078895500
        0.5499956235        3.1098675160       12.6459835500
        0.5750013055        3.1265379239       12.7085665500
        0.6000014982        3.1432046723       12.8282905500
        0.6249941882        3.1598664189       12.9493750500
        0.6499998703        3.1765368268       13.0690990500
        0.6750000629        3.1932035751       13.1847415500
        0.6999927530        3.2098653217       13.2391615500
        0.7249984350        3.2265357296       13.2772555500
        0.7499986277        3.2432024780       13.3928980500
        0.7750043097        3.2598728859       13.4663650500
        0.7999969997        3.2765346325       13.4745280500
        0.8249971924        3.2932013808       13.4636440500
        0.8500028744        3.3098717887       13.4391550500
        0.8749955645        3.3265335353       13.4078635500
        0.8999957571        3.3432002837       13.3752115500
        0.9250014392        3.3598706916       13.3466410500
        0.9499941292        3.3765324382       13.3235125500
        0.9750073100        3.3932078452       13.3071865500
        1.0000000000        3.4098695919       13.3031050500
 
        0.0000000000        2.7432047959       15.0839995500
        0.0249926900        2.7598665425       14.9234605500
        0.0499983721        2.7765369504       14.7438745500
        0.0749985647        2.7932036988       14.5602070500
        0.0999912548        2.8098654454       14.3765395500
        0.1249969368        2.8265358533       14.1942325500
        0.1499971295        2.8432026016       14.0146465500
        0.1750028115        2.8598730095       13.8323395500
        0.1999955016        2.8765347562       13.6622770500
        0.2249956942        2.8932015045       13.4990170500
        0.2500013762        2.9098719124       13.3452805500
        0.2749940663        2.9265336590       13.2037885500
        0.2999942589        2.9432004073       13.1071930500
        0.3249999410        2.9598708153       13.1561710500
        0.3499926310        2.9765325619       13.2282775500
        0.3750058118        2.9932079689       13.2990235500
        0.3999985018        3.0098697155       13.3684090500
        0.4249911919        3.0265314621       13.4337130500
        0.4500043726        3.0432068692       13.4935750500
        0.4749970627        3.0598686158       13.5452740500
        0.4999897527        3.0765303624       13.5860890500
        0.5250029334        3.0932057694       13.6132990500
        0.5499956235        3.1098675160       13.6228225500
        0.5750013055        3.1265379239       13.6092175500
        0.6000014982        3.1432046723       13.5738445500
        0.6249941882        3.1598664189       13.5139825500
        0.6499998703        3.1765368268       13.4337130500
        0.6750000629        3.1932035751       13.3371175500
        0.6999927530        3.2098653217       13.2867790500
        0.7249984350        3.2265357296       13.3711300500
        0.7499986277        3.2432024780       13.4323525500
        0.7750043097        3.2598728859       13.5167035500
        0.7999969997        3.2765346325       13.6445905500
        0.8249971924        3.2932013808       13.7711170500
        0.8500028744        3.3098717887       13.8962830500
        0.8749955645        3.3265335353       14.0132860500
        0.8999957571        3.3432002837       14.1194050500
        0.9250014392        3.3598706916       14.2091980500
        0.9499941292        3.3765324382       14.2813045500
        0.9750073100        3.3932078452       14.3248405500
        1.0000000000        3.4098695919       14.3398060500
 
        0.0000000000        2.7432047959       15.0839995500
        0.0249926900        2.7598665425       15.2186890500
        0.0499983721        2.7765369504       15.2907955500
        0.0749985647        2.7932036988       15.3697045500
        0.0999912548        2.8098654454       15.4554160500
        0.1249969368        2.8265358533       15.5479300500
        0.1499971295        2.8432026016       15.6458860500
        0.1750028115        2.8598730095       15.7424815500
        0.1999955016        2.8765347562       15.8404375500
        0.2249956942        2.8932015045       15.9370330500
        0.2500013762        2.9098719124       16.0281865500
        0.2749940663        2.9265336590       16.1098165500
        0.2999942589        2.9432004073       16.1819230500
        0.3249999410        2.9598708153       16.2472270500
        0.3499926310        2.9765325619       16.2866815500
        0.3750058118        2.9932079689       16.3057285500
        0.3999985018        3.0098697155       16.3070890500
        0.4249911919        3.0265314621       16.2880420500
        0.4500043726        3.0432068692       16.1873650500
        0.4749970627        3.0598686158       16.0363495500
        0.4999897527        3.0765303624       15.8853340500
        0.5250029334        3.0932057694       15.7343185500
        0.5499956235        3.1098675160       15.5860240500
        0.5750013055        3.1265379239       15.4445320500
        0.6000014982        3.1432046723       15.3098425500
        0.6249941882        3.1598664189       15.1833160500
        0.6499998703        3.1765368268       15.0663130500
        0.6750000629        3.1932035751       14.9601940500
        0.6999927530        3.2098653217       14.8649590500
        0.7249984350        3.2265357296       14.7833290500
        0.7499986277        3.2432024780       14.7112225500
        0.7750043097        3.2598728859       14.6500000500
        0.7999969997        3.2765346325       14.5942195500
        0.8249971924        3.2932013808       14.5425205500
        0.8500028744        3.3098717887       14.4949030500
        0.8749955645        3.3265335353       14.4513670500
        0.8999957571        3.3432002837       14.4132730500
        0.9250014392        3.3598706916       14.3819815500
        0.9499941292        3.3765324382       14.3588530500
        0.9750073100        3.3932078452       14.3438875500
        1.0000000000        3.4098695919       14.3398060500
 
        0.0000000000        2.7432047959       15.1792345500
        0.0249926900        2.7598665425       15.2227705500
        0.0499983721        2.7765369504       15.3792280500
        0.0749985647        2.7932036988       15.5547325500
        0.0999912548        2.8098654454       15.7384000500
        0.1249969368        2.8265358533       15.9220675500
        0.1499971295        2.8432026016       16.0962115500
        0.1750028115        2.8598730095       16.2540295500
        0.1999955016        2.8765347562       16.3955215500
        0.2249956942        2.8932015045       16.5152455500
        0.2500013762        2.9098719124       16.6077595500
        0.2749940663        2.9265336590       16.6703425500
        0.2999942589        2.9432004073       16.6989130500
        0.3249999410        2.9598708153       16.6934710500
        0.3499926310        2.9765325619       16.6499350500
        0.3750058118        2.9932079689       16.5683050500
        0.3999985018        3.0098697155       16.4608255500
        0.4249911919        3.0265314621       16.3302175500
        0.4500043726        3.0432068692       16.2540295500
        0.4749970627        3.0598686158       16.2050515500
        0.4999897527        3.0765303624       16.1492710500
        0.5250029334        3.0932057694       16.0934905500
        0.5499956235        3.1098675160       16.0445125500
        0.5750013055        3.1265379239       16.0118605500
        0.6000014982        3.1432046723       16.0023370500
        0.6249941882        3.1598664189       16.0213840500
        0.6499998703        3.1765368268       16.0363495500
        0.6750000629        3.1932035751       15.9261490500
        0.6999927530        3.2098653217       15.8363560500
        0.7249984350        3.2265357296       15.7764940500
        0.7499986277        3.2432024780       15.7506445500
        0.7750043097        3.2598728859       15.7656100500
        0.7999969997        3.2765346325       15.8200300500
        0.8249971924        3.2932013808       15.9084625500
        0.8500028744        3.3098717887       16.0186630500
        0.8749955645        3.3265335353       16.1383870500
        0.8999957571        3.3432002837       16.2513085500
        0.9250014392        3.3598706916       16.3424620500
        0.9499941292        3.3765324382       16.4064055500
        0.9750073100        3.3932078452       16.4404180500
        1.0000000000        3.4098695919       16.4499415500
 
