        0.0000000000        1.0000000000       -5.3494860000
        0.0250000000        1.0176776695       -5.3454045000
        0.0500000000        1.0353553391       -5.3345205000
        0.0750000000        1.0530330086       -5.3181945000
        0.1000000000        1.0707106781       -5.2964265000
        0.1250000000        1.0883883476       -5.2692165000
        0.1500000000        1.1060660172       -5.2406460000
        0.1750000000        1.1237436867       -5.2079940000
        0.2000000000        1.1414213562       -5.1726210000
        0.2250000000        1.1590990258       -5.1345270000
        0.2500000000        1.1767766953       -5.0937120000
        0.2750000000        1.1944543648       -5.0501760000
        0.3000000000        1.2121320344       -5.0025585000
        0.3250000000        1.2298097039       -4.9535805000
        0.3500000000        1.2474873734       -4.9005210000
        0.3750000000        1.2651650429       -4.8461010000
        0.4000000000        1.2828427125       -4.7889600000
        0.4250000000        1.3005203820       -4.7290980000
        0.4500000000        1.3181980515       -4.6678755000
        0.4750000000        1.3358757211       -4.6039320000
        0.5000000000        1.3535533906       -4.5386280000
        0.5250000000        1.3712310601       -4.4706030000
        0.5500000000        1.3889087297       -4.4025780000
        0.5750000000        1.4065863992       -4.3331925000
        0.6000000000        1.4242640687       -4.2638070000
        0.6250000000        1.4419417382       -4.1930610000
        0.6500000000        1.4596194078       -4.1223150000
        0.6750000000        1.4772970773       -4.0529295000
        0.7000000000        1.4949747468       -3.9849045000
        0.7250000000        1.5126524164       -3.9182400000
        0.7500000000        1.5303300859       -3.8542965000
        0.7750000000        1.5480077554       -3.7944345000
        0.8000000000        1.5656854249       -3.7372935000
        0.8250000000        1.5833630945       -3.6855945000
        0.8500000000        1.6010407640       -3.6393375000
        0.8750000000        1.6187184335       -3.5985225000
        0.9000000000        1.6363961031       -3.5645100000
        0.9250000000        1.6540737726       -3.5373000000
        0.9500000000        1.6717514421       -3.5168925000
        0.9750000000        1.6894291117       -3.5046480000
        1.0000000000        1.7071067812       -3.5019270000
 
        0.0000000000        1.0000000000       -5.2297620000
        0.0250000000        1.0176776695       -5.2270410000
        0.0500000000        1.0353553391       -5.2147965000
        0.0750000000        1.0530330086       -5.1957495000
        0.1000000000        1.0707106781       -5.1671790000
        0.1250000000        1.0883883476       -5.1277245000
        0.1500000000        1.1060660172       -5.0801070000
        0.1750000000        1.1237436867       -5.0202450000
        0.2000000000        1.1414213562       -4.9508595000
        0.2250000000        1.1590990258       -4.8705900000
        0.2500000000        1.1767766953       -4.7821575000
        0.2750000000        1.1944543648       -4.6855620000
        0.3000000000        1.2121320344       -4.5794430000
        0.3250000000        1.2298097039       -4.4665215000
        0.3500000000        1.2474873734       -4.3467975000
        0.3750000000        1.2651650429       -4.2202710000
        0.4000000000        1.2828427125       -4.1073495000
        0.4250000000        1.3005203820       -4.0542900000
        0.4500000000        1.3181980515       -3.9998700000
        0.4750000000        1.3358757211       -3.9468105000
        0.5000000000        1.3535533906       -3.8964720000
        0.5250000000        1.3712310601       -3.8474940000
        0.5500000000        1.3889087297       -3.8012370000
        0.5750000000        1.4065863992       -3.7590615000
        0.6000000000        1.4242640687       -3.7182465000
        0.6250000000        1.4419417382       -3.6828735000
        0.6500000000        1.4596194078       -3.6502215000
        0.6750000000        1.4772970773       -3.6216510000
        0.7000000000        1.4949747468       -3.5971620000
        0.7250000000        1.5126524164       -3.5767545000
        0.7500000000        1.5303300859       -3.5590680000
        0.7750000000        1.5480077554       -3.5441025000
        0.8000000000        1.5656854249       -3.5332185000
        0.8250000000        1.5833630945       -3.5236950000
        0.8500000000        1.6010407640       -3.5168925000
        0.8750000000        1.6187184335       -3.5114505000
        0.9000000000        1.6363961031       -3.5073690000
        0.9250000000        1.6540737726       -3.5046480000
        0.9500000000        1.6717514421       -3.5032875000
        0.9750000000        1.6894291117       -3.5019270000
        1.0000000000        1.7071067812       -3.5019270000
 
        0.0000000000        1.0000000000       -4.6474680000
        0.0250000000        1.0176776695       -4.6447470000
        0.0500000000        1.0353553391       -4.6379445000
        0.0750000000        1.0530330086       -4.6257000000
        0.1000000000        1.0707106781       -4.6080135000
        0.1250000000        1.0883883476       -4.5862455000
        0.1500000000        1.1060660172       -4.5590355000
        0.1750000000        1.1237436867       -4.5291045000
        0.2000000000        1.1414213562       -4.4937315000
        0.2250000000        1.1590990258       -4.4542770000
        0.2500000000        1.1767766953       -4.4121015000
        0.2750000000        1.1944543648       -4.3658445000
        0.3000000000        1.2121320344       -4.3182270000
        0.3250000000        1.2298097039       -4.2678885000
        0.3500000000        1.2474873734       -4.2148290000
        0.3750000000        1.2651650429       -4.1617695000
        0.4000000000        1.2828427125       -4.0883025000
        0.4250000000        1.3005203820       -3.9495315000
        0.4500000000        1.3181980515       -3.8080395000
        0.4750000000        1.3358757211       -3.6611055000
        0.5000000000        1.3535533906       -3.5128110000
        0.5250000000        1.3712310601       -3.4774380000
        0.5500000000        1.3889087297       -3.4828800000
        0.5750000000        1.4065863992       -3.4883220000
        0.6000000000        1.4242640687       -3.4910430000
        0.6250000000        1.4419417382       -3.4951245000
        0.6500000000        1.4596194078       -3.4978455000
        0.6750000000        1.4772970773       -3.4992060000
        0.7000000000        1.4949747468       -3.5005665000
        0.7250000000        1.5126524164       -3.5019270000
        0.7500000000        1.5303300859       -3.5019270000
        0.7750000000        1.5480077554       -3.5019270000
        0.8000000000        1.5656854249       -3.5032875000
        0.8250000000        1.5833630945       -3.5019270000
        0.8500000000        1.6010407640       -3.5019270000
        0.8750000000        1.6187184335       -3.5019270000
        0.9000000000        1.6363961031       -3.5019270000
        0.9250000000        1.6540737726       -3.5019270000
        0.9500000000        1.6717514421       -3.5019270000
        0.9750000000        1.6894291117       -3.5019270000
        1.0000000000        1.7071067812       -3.5019270000
 
        0.0000000000        1.0000000000       -3.1985355000
        0.0250000000        1.0176776695       -3.1998960000
        0.0500000000        1.0353553391       -3.2066985000
        0.0750000000        1.0530330086       -3.2162220000
        0.1000000000        1.0707106781       -3.2284665000
        0.1250000000        1.0883883476       -3.2434320000
        0.1500000000        1.1060660172       -3.2597580000
        0.1750000000        1.1237436867       -3.2774445000
        0.2000000000        1.1414213562       -3.2964915000
        0.2250000000        1.1590990258       -3.3155385000
        0.2500000000        1.1767766953       -3.3345855000
        0.2750000000        1.1944543648       -3.3522720000
        0.3000000000        1.2121320344       -3.3699585000
        0.3250000000        1.2298097039       -3.3876450000
        0.3500000000        1.2474873734       -3.4026105000
        0.3750000000        1.2651650429       -3.4175760000
        0.4000000000        1.2828427125       -3.4298205000
        0.4250000000        1.3005203820       -3.4420650000
        0.4500000000        1.3181980515       -3.4529490000
        0.4750000000        1.3358757211       -3.4624725000
        0.5000000000        1.3535533906       -3.4706355000
        0.5250000000        1.3712310601       -3.3617955000
        0.5500000000        1.3889087297       -3.2094195000
        0.5750000000        1.4065863992       -3.0570435000
        0.6000000000        1.4242640687       -2.9046675000
        0.6250000000        1.4419417382       -2.7563730000
        0.6500000000        1.4596194078       -2.6094390000
        0.6750000000        1.4772970773       -2.4679470000
        0.7000000000        1.4949747468       -2.3278155000
        0.7250000000        1.5126524164       -2.1972075000
        0.7500000000        1.5303300859       -2.0734020000
        0.7750000000        1.5480077554       -1.9577595000
        0.8000000000        1.5656854249       -1.8502800000
        0.8250000000        1.5833630945       -1.7523240000
        0.8500000000        1.6010407640       -1.6638915000
        0.8750000000        1.6187184335       -1.5877035000
        0.9000000000        1.6363961031       -1.5223995000
        0.9250000000        1.6540737726       -1.4707005000
        0.9500000000        1.6717514421       -1.4339670000
        0.9750000000        1.6894291117       -1.4108385000
        1.0000000000        1.7071067812       -1.4026755000
 
        0.0000000000        1.0000000000       -3.1985355000
        0.0250000000        1.0176776695       -3.1958145000
        0.0500000000        1.0353553391       -3.1903725000
        0.0750000000        1.0530330086       -3.1808490000
        0.1000000000        1.0707106781       -3.1672440000
        0.1250000000        1.0883883476       -3.1495575000
        0.1500000000        1.1060660172       -3.1277895000
        0.1750000000        1.1237436867       -3.1033005000
        0.2000000000        1.1414213562       -3.0747300000
        0.2250000000        1.1590990258       -3.0420780000
        0.2500000000        1.1767766953       -3.0067050000
        0.2750000000        1.1944543648       -2.9672505000
        0.3000000000        1.2121320344       -2.9237145000
        0.3250000000        1.2298097039       -2.8774575000
        0.3500000000        1.2474873734       -2.8284795000
        0.3750000000        1.2651650429       -2.7754200000
        0.4000000000        1.2828427125       -2.7196395000
        0.4250000000        1.3005203820       -2.6597775000
        0.4500000000        1.3181980515       -2.5985550000
        0.4750000000        1.3358757211       -2.5346115000
        0.5000000000        1.3535533906       -2.4693075000
        0.5250000000        1.3712310601       -2.4012825000
        0.5500000000        1.3889087297       -2.3318970000
        0.5750000000        1.4065863992       -2.2611510000
        0.6000000000        1.4242640687       -2.1890445000
        0.6250000000        1.4419417382       -2.1169380000
        0.6500000000        1.4596194078       -2.0461920000
        0.6750000000        1.4772970773       -1.9740855000
        0.7000000000        1.4949747468       -1.9047000000
        0.7250000000        1.5126524164       -1.8366750000
        0.7500000000        1.5303300859       -1.7713710000
        0.7750000000        1.5480077554       -1.7087880000
        0.8000000000        1.5656854249       -1.6502865000
        0.8250000000        1.5833630945       -1.5958665000
        0.8500000000        1.6010407640       -1.5482490000
        0.8750000000        1.6187184335       -1.5047130000
        0.9000000000        1.6363961031       -1.4693400000
        0.9250000000        1.6540737726       -1.4407695000
        0.9500000000        1.6717514421       -1.4203620000
        0.9750000000        1.6894291117       -1.4081175000
        1.0000000000        1.7071067812       -1.4026755000
 
        0.0000000000        1.0000000000       -2.2951635000
        0.0250000000        1.0176776695       -2.2910820000
        0.0500000000        1.0353553391       -2.2788375000
        0.0750000000        1.0530330086       -2.2584300000
        0.1000000000        1.0707106781       -2.2312200000
        0.1250000000        1.0883883476       -2.1985680000
        0.1500000000        1.1060660172       -2.1577530000
        0.1750000000        1.1237436867       -2.1128565000
        0.2000000000        1.1414213562       -2.0638785000
        0.2250000000        1.1590990258       -2.0176215000
        0.2500000000        1.1767766953       -2.0421105000
        0.2750000000        1.1944543648       -2.0652390000
        0.3000000000        1.2121320344       -2.0829255000
        0.3250000000        1.2298097039       -2.0978910000
        0.3500000000        1.2474873734       -2.1060540000
        0.3750000000        1.2651650429       -2.1087750000
        0.4000000000        1.2828427125       -2.1033330000
        0.4250000000        1.3005203820       -2.0910885000
        0.4500000000        1.3181980515       -2.0706810000
        0.4750000000        1.3358757211       -2.0421105000
        0.5000000000        1.3535533906       -2.0040165000
        0.5250000000        1.3712310601       -1.9577595000
        0.5500000000        1.3889087297       -1.9019790000
        0.5750000000        1.4065863992       -1.8380355000
        0.6000000000        1.4242640687       -1.7659290000
        0.6250000000        1.4419417382       -1.6856595000
        0.6500000000        1.4596194078       -1.5972270000
        0.6750000000        1.4772970773       -1.5033525000
        0.7000000000        1.4949747468       -1.4013150000
        0.7250000000        1.5126524164       -1.3877100000
        0.7500000000        1.5303300859       -1.3890705000
        0.7750000000        1.5480077554       -1.3904310000
        0.8000000000        1.5656854249       -1.3931520000
        0.8250000000        1.5833630945       -1.3945125000
        0.8500000000        1.6010407640       -1.3972335000
        0.8750000000        1.6187184335       -1.3985940000
        0.9000000000        1.6363961031       -1.4013150000
        0.9250000000        1.6540737726       -1.4013150000
        0.9500000000        1.6717514421       -1.4026755000
        0.9750000000        1.6894291117       -1.4026755000
        1.0000000000        1.7071067812       -1.4026755000
 
        0.0000000000        1.0000000000       -1.8530010000
        0.0250000000        1.0176776695       -1.8557220000
        0.0500000000        1.0353553391       -1.8638850000
        0.0750000000        1.0530330086       -1.8761295000
        0.1000000000        1.0707106781       -1.8938160000
        0.1250000000        1.0883883476       -1.9155840000
        0.1500000000        1.1060660172       -1.9387125000
        0.1750000000        1.1237436867       -1.9645620000
        0.2000000000        1.1414213562       -1.9917720000
        0.2250000000        1.1590990258       -2.0108190000
        0.2500000000        1.1767766953       -1.9550385000
        0.2750000000        1.1944543648       -1.8965370000
        0.3000000000        1.2121320344       -1.8339540000
        0.3250000000        1.2298097039       -1.7713710000
        0.3500000000        1.2474873734       -1.7441610000
        0.3750000000        1.2651650429       -1.7237535000
        0.4000000000        1.2828427125       -1.7006250000
        0.4250000000        1.3005203820       -1.6747755000
        0.4500000000        1.3181980515       -1.6475655000
        0.4750000000        1.3358757211       -1.6176345000
        0.5000000000        1.3535533906       -1.5849825000
        0.5250000000        1.3712310601       -1.5509700000
        0.5500000000        1.3889087297       -1.5169575000
        0.5750000000        1.4065863992       -1.4843055000
        0.6000000000        1.4242640687       -1.4543745000
        0.6250000000        1.4419417382       -1.4298855000
        0.6500000000        1.4596194078       -1.4108385000
        0.6750000000        1.4772970773       -1.3972335000
        0.7000000000        1.4949747468       -1.3904310000
        0.7250000000        1.5126524164       -1.2965565000
        0.7500000000        1.5303300859       -1.1904375000
        0.7750000000        1.5480077554       -1.0815975000
        0.8000000000        1.5656854249       -0.9754785000
        0.8250000000        1.5833630945       -0.8720805000
        0.8500000000        1.6010407640       -0.7754850000
        0.8750000000        1.6187184335       -0.6870525000
        0.9000000000        1.6363961031       -0.6108645000
        0.9250000000        1.6540737726       -0.5496420000
        0.9500000000        1.6717514421       -0.5033850000
        0.9750000000        1.6894291117       -0.4761750000
        1.0000000000        1.7071067812       -0.4666515000
 
        0.0000000000        1.0000000000       -1.8530010000
        0.0250000000        1.0176776695       -1.8530010000
        0.0500000000        1.0353553391       -1.8516405000
        0.0750000000        1.0530330086       -1.8489195000
        0.1000000000        1.0707106781       -1.8461985000
        0.1250000000        1.0883883476       -1.8421170000
        0.1500000000        1.1060660172       -1.8366750000
        0.1750000000        1.1237436867       -1.8298725000
        0.2000000000        1.1414213562       -1.8230700000
        0.2250000000        1.1590990258       -1.8135465000
        0.2500000000        1.1767766953       -1.8040230000
        0.2750000000        1.1944543648       -1.7917785000
        0.3000000000        1.2121320344       -1.7781735000
        0.3250000000        1.2298097039       -1.7618475000
        0.3500000000        1.2474873734       -1.7060670000
        0.3750000000        1.2651650429       -1.6407630000
        0.4000000000        1.2828427125       -1.5727380000
        0.4250000000        1.3005203820       -1.5060735000
        0.4500000000        1.3181980515       -1.4380485000
        0.4750000000        1.3358757211       -1.3713840000
        0.5000000000        1.3535533906       -1.3088010000
        0.5250000000        1.3712310601       -1.2421365000
        0.5500000000        1.3889087297       -1.1768325000
        0.5750000000        1.4065863992       -1.1128890000
        0.6000000000        1.4242640687       -1.0489455000
        0.6250000000        1.4419417382       -0.9877230000
        0.6500000000        1.4596194078       -0.9659550000
        0.6750000000        1.4772970773       -0.9414660000
        0.7000000000        1.4949747468       -0.9060930000
        0.7250000000        1.5126524164       -0.8625570000
        0.7500000000        1.5303300859       -0.8135790000
        0.7750000000        1.5480077554       -0.7632405000
        0.8000000000        1.5656854249       -0.7115415000
        0.8250000000        1.5833630945       -0.6598425000
        0.8500000000        1.6010407640       -0.6135855000
        0.8750000000        1.6187184335       -0.5700495000
        0.9000000000        1.6363961031       -0.5333160000
        0.9250000000        1.6540737726       -0.5033850000
        0.9500000000        1.6717514421       -0.4843380000
        0.9750000000        1.6894291117       -0.4707330000
        1.0000000000        1.7071067812       -0.4666515000
 
        0.0000000000        1.0000000000       -0.1047585000
        0.0250000000        1.0176776695       -0.1074795000
        0.0500000000        1.0353553391       -0.1170030000
        0.0750000000        1.0530330086       -0.1319685000
        0.1000000000        1.0707106781       -0.1537365000
        0.1250000000        1.0883883476       -0.1809465000
        0.1500000000        1.1060660172       -0.2122380000
        0.1750000000        1.1237436867       -0.2489715000
        0.2000000000        1.1414213562       -0.2911470000
        0.2250000000        1.1590990258       -0.3360435000
        0.2500000000        1.1767766953       -0.3836610000
        0.2750000000        1.1944543648       -0.4339995000
        0.3000000000        1.2121320344       -0.4856985000
        0.3250000000        1.2298097039       -0.5387580000
        0.3500000000        1.2474873734       -0.5931780000
        0.3750000000        1.2651650429       -0.6462375000
        0.4000000000        1.2828427125       -0.6979365000
        0.4250000000        1.3005203820       -0.7496355000
        0.4500000000        1.3181980515       -0.7972530000
        0.4750000000        1.3358757211       -0.8421495000
        0.5000000000        1.3535533906       -0.8829645000
        0.5250000000        1.3712310601       -0.9183375000
        0.5500000000        1.3889087297       -0.9469080000
        0.5750000000        1.4065863992       -0.9673155000
        0.6000000000        1.4242640687       -0.9781995000
        0.6250000000        1.4419417382       -0.9781995000
        0.6500000000        1.4596194078       -0.9292215000
        0.6750000000        1.4772970773       -0.8720805000
        0.7000000000        1.4949747468       -0.8176605000
        0.7250000000        1.5126524164       -0.7659615000
        0.7500000000        1.5303300859       -0.7169835000
        0.7750000000        1.5480077554       -0.6720870000
        0.8000000000        1.5656854249       -0.6312720000
        0.8250000000        1.5833630945       -0.5931780000
        0.8500000000        1.6010407640       -0.5605260000
        0.8750000000        1.6187184335       -0.5319555000
        0.9000000000        1.6363961031       -0.5088270000
        0.9250000000        1.6540737726       -0.4897800000
        0.9500000000        1.6717514421       -0.4761750000
        0.9750000000        1.6894291117       -0.4693725000
        1.0000000000        1.7071067812       -0.4666515000
 
        0.0000000000        1.0000000000        6.4093155000
        0.0250000000        1.0176776695        6.4065945000
        0.0500000000        1.0353553391        6.3957105000
        0.0750000000        1.0530330086        6.3793845000
        0.1000000000        1.0707106781        6.3548955000
        0.1250000000        1.0883883476        6.3249645000
        0.1500000000        1.1060660172        6.2895915000
        0.1750000000        1.1237436867        6.2460555000
        0.2000000000        1.1414213562        6.1984380000
        0.2250000000        1.1590990258        6.1453785000
        0.2500000000        1.1767766953        6.0868770000
        0.2750000000        1.1944543648        6.0229335000
        0.3000000000        1.2121320344        5.9589900000
        0.3250000000        1.2298097039        5.8882440000
        0.3500000000        1.2474873734        5.8134165000
        0.3750000000        1.2651650429        5.7372285000
        0.4000000000        1.2828427125        5.6583195000
        0.4250000000        1.3005203820        5.5794105000
        0.4500000000        1.3181980515        5.4977805000
        0.4750000000        1.3358757211        5.4161505000
        0.5000000000        1.3535533906        5.3331600000
        0.5250000000        1.3712310601        5.2542510000
        0.5500000000        1.3889087297        5.1739815000
        0.5750000000        1.4065863992        5.0964330000
        0.6000000000        1.4242640687        5.0188845000
        0.6250000000        1.4419417382        4.9426965000
        0.6500000000        1.4596194078        4.8692295000
        0.6750000000        1.4772970773        4.7984835000
        0.7000000000        1.4949747468        4.7290980000
        0.7250000000        1.5126524164        4.6637940000
        0.7500000000        1.5303300859        4.6012110000
        0.7750000000        1.5480077554        4.5427095000
        0.8000000000        1.5656854249        4.4869290000
        0.8250000000        1.5833630945        4.4365905000
        0.8500000000        1.6010407640        4.3916940000
        0.8750000000        1.6187184335        4.3536000000
        0.9000000000        1.6363961031        4.3209480000
        0.9250000000        1.6540737726        4.2950985000
        0.9500000000        1.6717514421        4.2760515000
        0.9750000000        1.6894291117        4.2651675000
        1.0000000000        1.7071067812        4.2610860000
 
        0.0000000000        1.0000000000        6.4093155000
        0.0250000000        1.0176776695        6.4079550000
        0.0500000000        1.0353553391        6.4052340000
        0.0750000000        1.0530330086        6.3997920000
        0.1000000000        1.0707106781        6.3902685000
        0.1250000000        1.0883883476        6.3780240000
        0.1500000000        1.1060660172        6.3603375000
        0.1750000000        1.1237436867        6.3358485000
        0.2000000000        1.1414213562        6.3059175000
        0.2250000000        1.1590990258        6.2705445000
        0.2500000000        1.1767766953        6.2283690000
        0.2750000000        1.1944543648        6.1793910000
        0.3000000000        1.2121320344        6.1290525000
        0.3250000000        1.2298097039        6.0691905000
        0.3500000000        1.2474873734        6.0038865000
        0.3750000000        1.2651650429        5.9345010000
        0.4000000000        1.2828427125        5.8610340000
        0.4250000000        1.3005203820        5.7848460000
        0.4500000000        1.3181980515        5.7072975000
        0.4750000000        1.3358757211        5.6256675000
        0.5000000000        1.3535533906        5.5440375000
        0.5250000000        1.3712310601        5.4610470000
        0.5500000000        1.3889087297        5.3766960000
        0.5750000000        1.4065863992        5.2909845000
        0.6000000000        1.4242640687        5.2052730000
        0.6250000000        1.4419417382        5.1209220000
        0.6500000000        1.4596194078        5.0365710000
        0.6750000000        1.4772970773        4.9522200000
        0.7000000000        1.4949747468        4.8705900000
        0.7250000000        1.5126524164        4.7903205000
        0.7500000000        1.5303300859        4.7127720000
        0.7750000000        1.5480077554        4.6379445000
        0.8000000000        1.5656854249        4.5671985000
        0.8250000000        1.5833630945        4.5018945000
        0.8500000000        1.6010407640        4.4420325000
        0.8750000000        1.6187184335        4.3889730000
        0.9000000000        1.6363961031        4.3440765000
        0.9250000000        1.6540737726        4.3087035000
        0.9500000000        1.6717514421        4.2814935000
        0.9750000000        1.6894291117        4.2665280000
        1.0000000000        1.7071067812        4.2610860000
 
        0.0000000000        1.0000000000        6.9426315000
        0.0250000000        1.0176776695        6.9385500000
        0.0500000000        1.0353553391        6.9276660000
        0.0750000000        1.0530330086        6.9099795000
        0.1000000000        1.0707106781        6.8841300000
        0.1250000000        1.0883883476        6.8501175000
        0.1500000000        1.1060660172        6.8065815000
        0.1750000000        1.1237436867        6.7576035000
        0.2000000000        1.1414213562        6.7004625000
        0.2250000000        1.1590990258        6.6392400000
        0.2500000000        1.1767766953        6.5712150000
        0.2750000000        1.1944543648        6.4991085000
        0.3000000000        1.2121320344        6.4242810000
        0.3250000000        1.2298097039        6.3480930000
        0.3500000000        1.2474873734        6.2705445000
        0.3750000000        1.2651650429        6.1943565000
        0.4000000000        1.2828427125        6.1181685000
        0.4250000000        1.3005203820        6.0419805000
        0.4500000000        1.3181980515        5.9671530000
        0.4750000000        1.3358757211        5.8909650000
        0.5000000000        1.3535533906        5.8120560000
        0.5250000000        1.3712310601        5.7331470000
        0.5500000000        1.3889087297        5.6501565000
        0.5750000000        1.4065863992        5.5630845000
        0.6000000000        1.4242640687        5.4719310000
        0.6250000000        1.4419417382        5.3753355000
        0.6500000000        1.4596194078        5.2760190000
        0.6750000000        1.4772970773        5.1739815000
        0.7000000000        1.4949747468        5.0719440000
        0.7250000000        1.5126524164        4.9671855000
        0.7500000000        1.5303300859        4.8651480000
        0.7750000000        1.5480077554        4.7671920000
        0.8000000000        1.5656854249        4.6719570000
        0.8250000000        1.5833630945        4.5848850000
        0.8500000000        1.6010407640        4.5046155000
        0.8750000000        1.6187184335        4.4338695000
        0.9000000000        1.6363961031        4.3740075000
        0.9250000000        1.6540737726        4.3250295000
        0.9500000000        1.6717514421        4.2896565000
        0.9750000000        1.6894291117        4.2678885000
        1.0000000000        1.7071067812        4.2610860000
 
        0.0000000000        1.0000000000        7.8813765000
        0.0250000000        1.0176776695        7.8800160000
        0.0500000000        1.0353553391        7.8772950000
        0.0750000000        1.0530330086        7.8745740000
        0.1000000000        1.0707106781        7.8691320000
        0.1250000000        1.0883883476        7.8609690000
        0.1500000000        1.1060660172        7.8528060000
        0.1750000000        1.1237436867        7.8419220000
        0.2000000000        1.1414213562        7.8283170000
        0.2250000000        1.1590990258        7.8147120000
        0.2500000000        1.1767766953        7.7983860000
        0.2750000000        1.1944543648        7.7793390000
        0.3000000000        1.2121320344        7.7602920000
        0.3250000000        1.2298097039        7.7385240000
        0.3500000000        1.2474873734        7.7140350000
        0.3750000000        1.2651650429        7.6895460000
        0.4000000000        1.2828427125        7.6609755000
        0.4250000000        1.3005203820        7.6324050000
        0.4500000000        1.3181980515        7.6011135000
        0.4750000000        1.3358757211        7.5684615000
        0.5000000000        1.3535533906        7.5262860000
        0.5250000000        1.3712310601        7.4909130000
        0.5500000000        1.3889087297        7.4541795000
        0.5750000000        1.4065863992        7.4160855000
        0.6000000000        1.4242640687        7.3766310000
        0.6250000000        1.4419417382        7.3358160000
        0.6500000000        1.4596194078        7.2950010000
        0.6750000000        1.4772970773        7.2541860000
        0.7000000000        1.4949747468        7.2174525000
        0.7250000000        1.5126524164        7.1779980000
        0.7500000000        1.5303300859        7.1385435000
        0.7750000000        1.5480077554        7.1004495000
        0.8000000000        1.5656854249        7.0637160000
        0.8250000000        1.5833630945        7.0297035000
        0.8500000000        1.6010407640        6.9997725000
        0.8750000000        1.6187184335        6.9712020000
        0.9000000000        1.6363961031        6.9480735000
        0.9250000000        1.6540737726        6.9290265000
        0.9500000000        1.6717514421        6.9154215000
        0.9750000000        1.6894291117        6.9072585000
        1.0000000000        1.7071067812        6.9045375000
 
        0.0000000000        1.0000000000       10.9316175000
        0.0250000000        1.0176776695       10.9356990000
        0.0500000000        1.0353553391       10.9425015000
        0.0750000000        1.0530330086       10.9547460000
        0.1000000000        1.0707106781       10.9669905000
        0.1250000000        1.0883883476       10.9737930000
        0.1500000000        1.1060660172       10.9615485000
        0.1750000000        1.1237436867       10.8826395000
        0.2000000000        1.1414213562       10.7942070000
        0.2250000000        1.1590990258       10.6962510000
        0.2500000000        1.1767766953       10.5901320000
        0.2750000000        1.1944543648       10.4744895000
        0.3000000000        1.2121320344       10.3534050000
        0.3250000000        1.2298097039       10.2227970000
        0.3500000000        1.2474873734       10.0867470000
        0.3750000000        1.2651650429        9.9438945000
        0.4000000000        1.2828427125        9.7956000000
        0.4250000000        1.3005203820        9.6432240000
        0.4500000000        1.3181980515        9.4867665000
        0.4750000000        1.3358757211        9.3275880000
        0.5000000000        1.3535533906        9.1656885000
        0.5250000000        1.3712310601        9.0037890000
        0.5500000000        1.3889087297        8.8405290000
        0.5750000000        1.4065863992        8.6772690000
        0.6000000000        1.4242640687        8.5153695000
        0.6250000000        1.4419417382        8.3561910000
        0.6500000000        1.4596194078        8.1997335000
        0.6750000000        1.4772970773        8.0473575000
        0.7000000000        1.4949747468        7.9017840000
        0.7250000000        1.5126524164        7.7602920000
        0.7500000000        1.5303300859        7.6269630000
        0.7750000000        1.5480077554        7.5004365000
        0.8000000000        1.5656854249        7.3847940000
        0.8250000000        1.5833630945        7.2786750000
        0.8500000000        1.6010407640        7.1834400000
        0.8750000000        1.6187184335        7.1018100000
        0.9000000000        1.6363961031        7.0324245000
        0.9250000000        1.6540737726        6.9780045000
        0.9500000000        1.6717514421        6.9358290000
        0.9750000000        1.6894291117        6.9127005000
        1.0000000000        1.7071067812        6.9045375000
 
        0.0000000000        1.0000000000       11.1873915000
        0.0250000000        1.0176776695       11.1819495000
        0.0500000000        1.0353553391       11.1615420000
        0.0750000000        1.0530330086       11.1302505000
        0.1000000000        1.0707106781       11.0853540000
        0.1250000000        1.0883883476       11.0295735000
        0.1500000000        1.1060660172       10.9683510000
        0.1750000000        1.1237436867       10.9397805000
        0.2000000000        1.1414213562       10.8908025000
        0.2250000000        1.1590990258       10.8241380000
        0.2500000000        1.1767766953       10.7452290000
        0.2750000000        1.1944543648       10.6567965000
        0.3000000000        1.2121320344       10.5615615000
        0.3250000000        1.2298097039       10.4595240000
        0.3500000000        1.2474873734       10.3520445000
        0.3750000000        1.2651650429       10.2418440000
        0.4000000000        1.2828427125       10.1262015000
        0.4250000000        1.3005203820       10.0091985000
        0.4500000000        1.3181980515        9.8894745000
        0.4750000000        1.3358757211        9.7670295000
        0.5000000000        1.3535533906        9.6418635000
        0.5250000000        1.3712310601        9.5153370000
        0.5500000000        1.3889087297        9.3874500000
        0.5750000000        1.4065863992        9.2582025000
        0.6000000000        1.4242640687        9.1289550000
        0.6250000000        1.4419417382        8.9983470000
        0.6500000000        1.4596194078        8.8690995000
        0.6750000000        1.4772970773        8.7412125000
        0.7000000000        1.4949747468        8.6106045000
        0.7250000000        1.5126524164        8.4813570000
        0.7500000000        1.5303300859        8.3616330000
        0.7750000000        1.5480077554        8.2514325000
        0.8000000000        1.5656854249        8.1521160000
        0.8250000000        1.5833630945        8.0636835000
        0.8500000000        1.6010407640        7.9861350000
        0.8750000000        1.6187184335        7.9208310000
        0.9000000000        1.6363961031        7.8664110000
        0.9250000000        1.6540737726        7.8228750000
        0.9500000000        1.6717514421        7.7929440000
        0.9750000000        1.6894291117        7.7738970000
        1.0000000000        1.7071067812        7.7684550000
 
        0.0000000000        1.0000000000       11.3492910000
        0.0250000000        1.0176776695       11.3452095000
        0.0500000000        1.0353553391       11.3316045000
        0.0750000000        1.0530330086       11.3111970000
        0.1000000000        1.0707106781       11.2853475000
        0.1250000000        1.0883883476       11.2608585000
        0.1500000000        1.1060660172       11.2390905000
        0.1750000000        1.1237436867       11.2322880000
        0.2000000000        1.1414213562       11.2390905000
        0.2250000000        1.1590990258       11.2486140000
        0.2500000000        1.1767766953       11.2540560000
        0.2750000000        1.1944543648       11.2486140000
        0.3000000000        1.2121320344       11.2322880000
        0.3250000000        1.2298097039       11.1941940000
        0.3500000000        1.2474873734       11.1370530000
        0.3750000000        1.2651650429       10.9425015000
        0.4000000000        1.2828427125       10.7316240000
        0.4250000000        1.3005203820       10.5248280000
        0.4500000000        1.3181980515       10.3207530000
        0.4750000000        1.3358757211       10.1221200000
        0.5000000000        1.3535533906        9.9275685000
        0.5250000000        1.3712310601        9.7425405000
        0.5500000000        1.3889087297        9.5588730000
        0.5750000000        1.4065863992        9.3820080000
        0.6000000000        1.4242640687        9.2119455000
        0.6250000000        1.4419417382        9.0500460000
        0.6500000000        1.4596194078        8.8949490000
        0.6750000000        1.4772970773        8.7480150000
        0.7000000000        1.4949747468        8.6160465000
        0.7250000000        1.5126524164        8.4949620000
        0.7500000000        1.5303300859        8.3806800000
        0.7750000000        1.5480077554        8.2718400000
        0.8000000000        1.5656854249        8.1711630000
        0.8250000000        1.5833630945        8.0800095000
        0.8500000000        1.6010407640        7.9997400000
        0.8750000000        1.6187184335        7.9303545000
        0.9000000000        1.6363961031        7.8718530000
        0.9250000000        1.6540737726        7.8269565000
        0.9500000000        1.6717514421        7.7943045000
        0.9750000000        1.6894291117        7.7738970000
        1.0000000000        1.7071067812        7.7684550000
 
        0.0000000000        1.0000000000       13.0485555000
        0.0250000000        1.0176776695       13.0431135000
        0.0500000000        1.0353553391       13.0267875000
        0.0750000000        1.0530330086       12.9995775000
        0.1000000000        1.0707106781       12.9628440000
        0.1250000000        1.0883883476       12.9179475000
        0.1500000000        1.1060660172       12.8648880000
        0.1750000000        1.1237436867       12.7043490000
        0.2000000000        1.1414213562       12.4798665000
        0.2250000000        1.1590990258       12.2567445000
        0.2500000000        1.1767766953       12.0322620000
        0.2750000000        1.1944543648       11.8105005000
        0.3000000000        1.2121320344       11.5941810000
        0.3250000000        1.2298097039       11.3751405000
        0.3500000000        1.2474873734       11.1574605000
        0.3750000000        1.2651650429       11.0608650000
        0.4000000000        1.2828427125       10.9683510000
        0.4250000000        1.3005203820       10.8622320000
        0.4500000000        1.3181980515       10.7438685000
        0.4750000000        1.3358757211       10.6173420000
        0.5000000000        1.3535533906       10.4812920000
        0.5250000000        1.3712310601       10.3411605000
        0.5500000000        1.3889087297       10.1969475000
        0.5750000000        1.4065863992       10.0513740000
        0.6000000000        1.4242640687        9.9030795000
        0.6250000000        1.4419417382        9.7547850000
        0.6500000000        1.4596194078        9.6064905000
        0.6750000000        1.4772970773        9.4595565000
        0.7000000000        1.4949747468        9.3167040000
        0.7250000000        1.5126524164        9.1779330000
        0.7500000000        1.5303300859        9.0432435000
        0.7750000000        1.5480077554        8.9153565000
        0.8000000000        1.5656854249        8.7956325000
        0.8250000000        1.5833630945        8.6867925000
        0.8500000000        1.6010407640        8.5874760000
        0.8750000000        1.6187184335        8.5004040000
        0.9000000000        1.6363961031        8.4282975000
        0.9250000000        1.6540737726        8.3697960000
        0.9500000000        1.6717514421        8.3248995000
        0.9750000000        1.6894291117        8.2990500000
        1.0000000000        1.7071067812        8.2908870000
 
        0.0000000000        1.0000000000       13.0485555000
        0.0250000000        1.0176776695       13.0471950000
        0.0500000000        1.0353553391       13.0403925000
        0.0750000000        1.0530330086       13.0281480000
        0.1000000000        1.0707106781       13.0131825000
        0.1250000000        1.0883883476       12.9927750000
        0.1500000000        1.1060660172       12.9261105000
        0.1750000000        1.1237436867       12.8063865000
        0.2000000000        1.1414213562       12.7424430000
        0.2250000000        1.1590990258       12.6757785000
        0.2500000000        1.1767766953       12.6063930000
        0.2750000000        1.1944543648       12.5370075000
        0.3000000000        1.2121320344       12.4662615000
        0.3250000000        1.2298097039       12.3955155000
        0.3500000000        1.2474873734       12.3261300000
        0.3750000000        1.2651650429       12.2581050000
        0.4000000000        1.2828427125       12.1914405000
        0.4250000000        1.3005203820       12.1288575000
        0.4500000000        1.3181980515       12.0689955000
        0.4750000000        1.3358757211       12.0118545000
        0.5000000000        1.3535533906       11.9424690000
        0.5250000000        1.3712310601       11.9002935000
        0.5500000000        1.3889087297       11.8526760000
        0.5750000000        1.4065863992       11.8105005000
        0.6000000000        1.4242640687       11.7710460000
        0.6250000000        1.4419417382       11.7356730000
        0.6500000000        1.4596194078       11.7057420000
        0.6750000000        1.4772970773       11.6798925000
        0.7000000000        1.4949747468       11.6567640000
        0.7250000000        1.5126524164       11.6377170000
        0.7500000000        1.5303300859       11.6213910000
        0.7750000000        1.5480077554       11.6091465000
        0.8000000000        1.5656854249       11.5982625000
        0.8250000000        1.5833630945       11.5900995000
        0.8500000000        1.6010407640       11.5846575000
        0.8750000000        1.6187184335       11.5792155000
        0.9000000000        1.6363961031       11.5751340000
        0.9250000000        1.6540737726       11.5724130000
        0.9500000000        1.6717514421       11.5710525000
        0.9750000000        1.6894291117       11.5696920000
        1.0000000000        1.7071067812       11.5696920000
 
        0.0000000000        1.0000000000       13.9981845000
        0.0250000000        1.0176776695       13.9247175000
        0.0500000000        1.0353553391       13.7628180000
        0.0750000000        1.0530330086       13.5682665000
        0.1000000000        1.0707106781       13.3614705000
        0.1250000000        1.0883883476       13.1451510000
        0.1500000000        1.1060660172       12.9682860000
        0.1750000000        1.1237436867       12.9397155000
        0.2000000000        1.1414213562       12.9057030000
        0.2250000000        1.1590990258       12.8689695000
        0.2500000000        1.1767766953       12.8267940000
        0.2750000000        1.1944543648       12.7818975000
        0.3000000000        1.2121320344       12.7397220000
        0.3250000000        1.2298097039       12.6866625000
        0.3500000000        1.2474873734       12.6295215000
        0.3750000000        1.2651650429       12.5710200000
        0.4000000000        1.2828427125       12.5097975000
        0.4250000000        1.3005203820       12.4485750000
        0.4500000000        1.3181980515       12.3846315000
        0.4750000000        1.3358757211       12.3206880000
        0.5000000000        1.3535533906       12.2581050000
        0.5250000000        1.3712310601       12.1996035000
        0.5500000000        1.3889087297       12.1383810000
        0.5750000000        1.4065863992       12.0785190000
        0.6000000000        1.4242640687       12.0213780000
        0.6250000000        1.4419417382       11.9669580000
        0.6500000000        1.4596194078       11.9152590000
        0.6750000000        1.4772970773       11.8662810000
        0.7000000000        1.4949747468       11.8213845000
        0.7250000000        1.5126524164       11.7805695000
        0.7500000000        1.5303300859       11.7424755000
        0.7750000000        1.5480077554       11.7098235000
        0.8000000000        1.5656854249       11.6798925000
        0.8250000000        1.5833630945       11.6526825000
        0.8500000000        1.6010407640       11.6309145000
        0.8750000000        1.6187184335       11.6118675000
        0.9000000000        1.6363961031       11.5969020000
        0.9250000000        1.6540737726       11.5846575000
        0.9500000000        1.6717514421       11.5764945000
        0.9750000000        1.6894291117       11.5710525000
        1.0000000000        1.7071067812       11.5696920000
 
        0.0000000000        1.0000000000       14.5328610000
        0.0250000000        1.0176776695       14.4335445000
        0.0500000000        1.0353553391       14.2798080000
        0.0750000000        1.0530330086       14.1219900000
        0.1000000000        1.0707106781       13.9668930000
        0.1250000000        1.0883883476       13.8158775000
        0.1500000000        1.1060660172       13.6703040000
        0.1750000000        1.1237436867       13.5315330000
        0.2000000000        1.1414213562       13.4022855000
        0.2250000000        1.1590990258       13.2825615000
        0.2500000000        1.1767766953       13.1737215000
        0.2750000000        1.1944543648       13.0784865000
        0.3000000000        1.2121320344       13.0050195000
        0.3250000000        1.2298097039       12.9369945000
        0.3500000000        1.2474873734       12.8798535000
        0.3750000000        1.2651650429       12.8322360000
        0.4000000000        1.2828427125       12.7887000000
        0.4250000000        1.3005203820       12.7478850000
        0.4500000000        1.3181980515       12.7057095000
        0.4750000000        1.3358757211       12.6594525000
        0.5000000000        1.3535533906       12.6036720000
        0.5250000000        1.3712310601       12.5478915000
        0.5500000000        1.3889087297       12.4866690000
        0.5750000000        1.4065863992       12.4200045000
        0.6000000000        1.4242640687       12.3506190000
        0.6250000000        1.4419417382       12.2785125000
        0.6500000000        1.4596194078       12.2064060000
        0.6750000000        1.4772970773       12.1329390000
        0.7000000000        1.4949747468       12.0662745000
        0.7250000000        1.5126524164       11.9955285000
        0.7500000000        1.5303300859       11.9275035000
        0.7750000000        1.5480077554       11.8621995000
        0.8000000000        1.5656854249       11.8036980000
        0.8250000000        1.5833630945       11.7506385000
        0.8500000000        1.6010407640       11.7030210000
        0.8750000000        1.6187184335       11.6622060000
        0.9000000000        1.6363961031       11.6295540000
        0.9250000000        1.6540737726       11.6037045000
        0.9500000000        1.6717514421       11.5846575000
        0.9750000000        1.6894291117       11.5737735000
        1.0000000000        1.7071067812       11.5696920000
 
        0.0000000000        1.0000000000       14.5328610000
        0.0250000000        1.0176776695       14.6022465000
        0.0500000000        1.0353553391       14.7505410000
        0.0750000000        1.0530330086       14.9246850000
        0.1000000000        1.0707106781       15.1056315000
        0.1250000000        1.0883883476       15.2879385000
        0.1500000000        1.1060660172       15.4688850000
        0.1750000000        1.1237436867       15.6498315000
        0.2000000000        1.1414213562       15.8294175000
        0.2250000000        1.1590990258       16.0076430000
        0.2500000000        1.1767766953       16.1872290000
        0.2750000000        1.1944543648       16.3640940000
        0.3000000000        1.2121320344       16.5232725000
        0.3250000000        1.2298097039       16.6470780000
        0.3500000000        1.2474873734       16.7654415000
        0.3750000000        1.2651650429       16.8770025000
        0.4000000000        1.2828427125       16.9844820000
        0.4250000000        1.3005203820       17.0865195000
        0.4500000000        1.3181980515       17.1831150000
        0.4750000000        1.3358757211       17.2756290000
        0.5000000000        1.3535533906       17.3572590000
        0.5250000000        1.3712310601       17.4361680000
        0.5500000000        1.3889087297       17.5069140000
        0.5750000000        1.4065863992       17.5694970000
        0.6000000000        1.4242640687       17.6239170000
        0.6250000000        1.4419417382       17.6715345000
        0.6500000000        1.4596194078       17.7123495000
        0.6750000000        1.4772970773       17.7463620000
        0.7000000000        1.4949747468       17.7776535000
        0.7250000000        1.5126524164       17.8035030000
        0.7500000000        1.5303300859       17.8252710000
        0.7750000000        1.5480077554       17.8443180000
        0.8000000000        1.5656854249       17.8620045000
        0.8250000000        1.5833630945       17.8756095000
        0.8500000000        1.6010407640       17.8878540000
        0.8750000000        1.6187184335       17.8987380000
        0.9000000000        1.6363961031       17.9069010000
        0.9250000000        1.6540737726       17.9123430000
        0.9500000000        1.6717514421       17.9123430000
        0.9750000000        1.6894291117       17.9137035000
        1.0000000000        1.7071067812       17.9150640000
 
        0.0000000000        1.0000000000       14.7138075000
        0.0250000000        1.0176776695       14.8144845000
        0.0500000000        1.0353553391       14.9736630000
        0.0750000000        1.0530330086       15.1410045000
        0.1000000000        1.0707106781       15.3083460000
        0.1250000000        1.0883883476       15.4756875000
        0.1500000000        1.1060660172       15.6403080000
        0.1750000000        1.1237436867       15.8022075000
        0.2000000000        1.1414213562       15.9586650000
        0.2250000000        1.1590990258       16.1096805000
        0.2500000000        1.1767766953       16.2538935000
        0.2750000000        1.1944543648       16.3913040000
        0.3000000000        1.2121320344       16.5586455000
        0.3250000000        1.2298097039       16.7355105000
        0.3500000000        1.2474873734       16.9123755000
        0.3750000000        1.2651650429       17.0878800000
        0.4000000000        1.2828427125       17.2633845000
        0.4250000000        1.3005203820       17.4361680000
        0.4500000000        1.3181980515       17.6075910000
        0.4750000000        1.3358757211       17.7749325000
        0.5000000000        1.3535533906       17.9395530000
        0.5250000000        1.3712310601       18.1041735000
        0.5500000000        1.3889087297       18.2592705000
        0.5750000000        1.4065863992       18.4075650000
        0.6000000000        1.4242640687       18.5504175000
        0.6250000000        1.4419417382       18.6851070000
        0.6500000000        1.4596194078       18.8116335000
        0.6750000000        1.4772970773       18.9299970000
        0.7000000000        1.4949747468       19.0510815000
        0.7250000000        1.5126524164       19.1517585000
        0.7500000000        1.5303300859       19.2415515000
        0.7750000000        1.5480077554       19.3245420000
        0.8000000000        1.5656854249       19.3966485000
        0.8250000000        1.5833630945       19.4592315000
        0.8500000000        1.6010407640       19.5136515000
        0.8750000000        1.6187184335       19.5599085000
        0.9000000000        1.6363961031       19.5966420000
        0.9250000000        1.6540737726       19.6252125000
        0.9500000000        1.6717514421       19.6442595000
        0.9750000000        1.6894291117       19.6551435000
        1.0000000000        1.7071067812       19.6592250000
 
