        0.0000000000        2.5731321850       -5.6719245000
        0.0250000000        2.5908098545       -5.6678430000
        0.0500000000        2.6084875240       -5.6583195000
        0.0750000000        2.6261651936       -5.6433540000
        0.1000000000        2.6438428631       -5.6215860000
        0.1250000000        2.6615205326       -5.5943760000
        0.1500000000        2.6791982021       -5.5630845000
        0.1750000000        2.6968758717       -5.5277115000
        0.2000000000        2.7145535412       -5.4882570000
        0.2250000000        2.7322312107       -5.4488025000
        0.2500000000        2.7499088803       -5.4066270000
        0.2750000000        2.7675865498       -5.3658120000
        0.3000000000        2.7852642193       -5.3249970000
        0.3250000000        2.8029418889       -5.2882635000
        0.3500000000        2.8206195584       -5.2528905000
        0.3750000000        2.8382972279       -5.2202385000
        0.4000000000        2.8559748974       -5.1916680000
        0.4250000000        2.8736525670       -5.1658185000
        0.4500000000        2.8913302365       -5.1426900000
        0.4750000000        2.9090079060       -5.1222825000
        0.5000000000        2.9266855756       -5.1032355000
        0.5250000000        2.9443632451       -5.0869095000
        0.5500000000        2.9620409146       -5.0719440000
        0.5750000000        2.9797185842       -5.0596995000
        0.6000000000        2.9973962537       -5.0460945000
        0.6250000000        3.0150739232       -5.0352105000
        0.6500000000        3.0327515927       -5.0256870000
        0.6750000000        3.0504292623       -5.0161635000
        0.7000000000        3.0681069318       -5.0066400000
        0.7250000000        3.0857846013       -4.9984770000
        0.7500000000        3.1034622709       -4.9916745000
        0.7750000000        3.1211399404       -4.9848720000
        0.8000000000        3.1388176099       -4.9794300000
        0.8250000000        3.1564952794       -4.9739880000
        0.8500000000        3.1741729490       -4.9685460000
        0.8750000000        3.1918506185       -4.9644645000
        0.9000000000        3.2095282880       -4.9617435000
        0.9250000000        3.2272059576       -4.9590225000
        0.9500000000        3.2448836271       -4.9576620000
        0.9750000000        3.2625612966       -4.9563015000
        1.0000000000        3.2802389662       -4.9563015000
 
        0.0000000000        2.5731321850       -4.6352235000
        0.0250000000        2.5908098545       -4.6338630000
        0.0500000000        2.6084875240       -4.6311420000
        0.0750000000        2.6261651936       -4.6270605000
        0.1000000000        2.6438428631       -4.6202580000
        0.1250000000        2.6615205326       -4.6120950000
        0.1500000000        2.6791982021       -4.5998505000
        0.1750000000        2.6968758717       -4.5862455000
        0.2000000000        2.7145535412       -4.5685590000
        0.2250000000        2.7322312107       -4.5481515000
        0.2500000000        2.7499088803       -4.5236625000
        0.2750000000        2.7675865498       -4.4950920000
        0.3000000000        2.7852642193       -4.4624400000
        0.3250000000        2.8029418889       -4.4474745000
        0.3500000000        2.8206195584       -4.4624400000
        0.3750000000        2.8382972279       -4.4746845000
        0.4000000000        2.8559748974       -4.4814870000
        0.4250000000        2.8736525670       -4.4828475000
        0.4500000000        2.8913302365       -4.4787660000
        0.4750000000        2.9090079060       -4.4692425000
        0.5000000000        2.9266855756       -4.4515560000
        0.5250000000        2.9443632451       -4.4270670000
        0.5500000000        2.9620409146       -4.3944150000
        0.5750000000        2.9797185842       -4.3549605000
        0.6000000000        2.9973962537       -4.3073430000
        0.6250000000        3.0150739232       -4.2515625000
        0.6500000000        3.0327515927       -4.1889795000
        0.6750000000        3.0504292623       -4.1182335000
        0.7000000000        3.0681069318       -4.0420455000
        0.7250000000        3.0857846013       -3.9576945000
        0.7500000000        3.1034622709       -3.8692620000
        0.7750000000        3.1211399404       -3.7740270000
        0.8000000000        3.1388176099       -3.6760710000
        0.8250000000        3.1564952794       -3.5740335000
        0.8500000000        3.1741729490       -3.5481840000
        0.8750000000        3.1918506185       -3.5250555000
        0.9000000000        3.2095282880       -3.5060085000
        0.9250000000        3.2272059576       -3.4910430000
        0.9500000000        3.2448836271       -3.4801590000
        0.9750000000        3.2625612966       -3.4747170000
        1.0000000000        3.2802389662       -3.4719960000
 
        0.0000000000        2.5731321850       -4.6352235000
        0.0250000000        2.5908098545       -4.6325025000
        0.0500000000        2.6084875240       -4.6243395000
        0.0750000000        2.6261651936       -4.6107345000
        0.1000000000        2.6438428631       -4.5930480000
        0.1250000000        2.6615205326       -4.5685590000
        0.1500000000        2.6791982021       -4.5399885000
        0.1750000000        2.6968758717       -4.5059760000
        0.2000000000        2.7145535412       -4.4678820000
        0.2250000000        2.7322312107       -4.4257065000
        0.2500000000        2.7499088803       -4.3848915000
        0.2750000000        2.7675865498       -4.4066595000
        0.3000000000        2.7852642193       -4.4284275000
        0.3250000000        2.8029418889       -4.4257065000
        0.3500000000        2.8206195584       -4.3848915000
        0.3750000000        2.8382972279       -4.3427160000
        0.4000000000        2.8559748974       -4.2964590000
        0.4250000000        2.8736525670       -4.2502020000
        0.4500000000        2.8913302365       -4.2012240000
        0.4750000000        2.9090079060       -4.1536065000
        0.5000000000        2.9266855756       -4.1046285000
        0.5250000000        2.9443632451       -4.0570110000
        0.5500000000        2.9620409146       -4.0093935000
        0.5750000000        2.9797185842       -3.9617760000
        0.6000000000        2.9973962537       -3.9155190000
        0.6250000000        3.0150739232       -3.8706225000
        0.6500000000        3.0327515927       -3.8270865000
        0.6750000000        3.0504292623       -3.7849110000
        0.7000000000        3.0681069318       -3.7440960000
        0.7250000000        3.0857846013       -3.7060020000
        0.7500000000        3.1034622709       -3.6692685000
        0.7750000000        3.1211399404       -3.6338955000
        0.8000000000        3.1388176099       -3.6026040000
        0.8250000000        3.1564952794       -3.5726730000
        0.8500000000        3.1741729490       -3.4665540000
        0.8750000000        3.1918506185       -3.4583910000
        0.9000000000        3.2095282880       -3.4624725000
        0.9250000000        3.2272059576       -3.4665540000
        0.9500000000        3.2448836271       -3.4692750000
        0.9750000000        3.2625612966       -3.4706355000
        1.0000000000        3.2802389662       -3.4719960000
 
        0.0000000000        2.5731321850       -4.2202710000
        0.0250000000        2.5908098545       -4.2229920000
        0.0500000000        2.6084875240       -4.2297945000
        0.0750000000        2.6261651936       -4.2393180000
        0.1000000000        2.6438428631       -4.2542835000
        0.1250000000        2.6615205326       -4.2719700000
        0.1500000000        2.6791982021       -4.2910170000
        0.1750000000        2.6968758717       -4.3127850000
        0.2000000000        2.7145535412       -4.3372740000
        0.2250000000        2.7322312107       -4.3604025000
        0.2500000000        2.7499088803       -4.3780890000
        0.2750000000        2.7675865498       -4.3263900000
        0.3000000000        2.7852642193       -4.2733305000
        0.3250000000        2.8029418889       -4.2148290000
        0.3500000000        2.8206195584       -4.1549670000
        0.3750000000        2.8382972279       -4.0937445000
        0.4000000000        2.8559748974       -4.0311615000
        0.4250000000        2.8736525670       -3.9753810000
        0.4500000000        2.8913302365       -3.9427290000
        0.4750000000        2.9090079060       -3.9073560000
        0.5000000000        2.9266855756       -3.8692620000
        0.5250000000        2.9443632451       -3.8284470000
        0.5500000000        2.9620409146       -3.7862715000
        0.5750000000        2.9797185842       -3.7386540000
        0.6000000000        2.9973962537       -3.6896760000
        0.6250000000        3.0150739232       -3.6379770000
        0.6500000000        3.0327515927       -3.5821965000
        0.6750000000        3.0504292623       -3.5236950000
        0.7000000000        3.0681069318       -3.4719960000
        0.7250000000        3.0857846013       -3.4597515000
        0.7500000000        3.1034622709       -3.4515885000
        0.7750000000        3.1211399404       -3.4488675000
        0.8000000000        3.1388176099       -3.4475070000
        0.8250000000        3.1564952794       -3.4502280000
        0.8500000000        3.1741729490       -3.4529490000
        0.8750000000        3.1918506185       -3.3590745000
        0.9000000000        3.2095282880       -3.2515950000
        0.9250000000        3.2272059576       -3.1427550000
        0.9500000000        3.2448836271       -3.0379965000
        0.9750000000        3.2625612966       -2.9482035000
        1.0000000000        3.2802389662       -2.9046675000
 
        0.0000000000        2.5731321850       -4.2202710000
        0.0250000000        2.5908098545       -4.2202710000
        0.0500000000        2.6084875240       -4.2175500000
        0.0750000000        2.6261651936       -4.2134685000
        0.1000000000        2.6438428631       -4.2080265000
        0.1250000000        2.6615205326       -4.2012240000
        0.1500000000        2.6791982021       -4.1917005000
        0.1750000000        2.6968758717       -4.1808165000
        0.2000000000        2.7145535412       -4.1699325000
        0.2250000000        2.7322312107       -4.1563275000
        0.2500000000        2.7499088803       -4.1400015000
        0.2750000000        2.7675865498       -4.1223150000
        0.3000000000        2.7852642193       -4.1032680000
        0.3250000000        2.8029418889       -4.0828605000
        0.3500000000        2.8206195584       -4.0597320000
        0.3750000000        2.8382972279       -4.0338825000
        0.4000000000        2.8559748974       -4.0066725000
        0.4250000000        2.8736525670       -3.9672180000
        0.4500000000        2.8913302365       -3.9046350000
        0.4750000000        2.9090079060       -3.8420520000
        0.5000000000        2.9266855756       -3.7821900000
        0.5250000000        2.9443632451       -3.7264095000
        0.5500000000        2.9620409146       -3.6733500000
        0.5750000000        2.9797185842       -3.6243720000
        0.6000000000        2.9973962537       -3.5821965000
        0.6250000000        3.0150739232       -3.5454630000
        0.6500000000        3.0327515927       -3.5141715000
        0.6750000000        3.0504292623       -3.4896825000
        0.7000000000        3.0681069318       -3.4638330000
        0.7250000000        3.0857846013       -3.3998895000
        0.7500000000        3.1034622709       -3.3318645000
        0.7750000000        3.1211399404       -3.2624790000
        0.8000000000        3.1388176099       -3.1903725000
        0.8250000000        3.1564952794       -3.1155450000
        0.8500000000        3.1741729490       -3.0393570000
        0.8750000000        3.1918506185       -2.9604480000
        0.9000000000        3.2095282880       -2.8815390000
        0.9250000000        3.2272059576       -2.8039905000
        0.9500000000        3.2448836271       -2.7305235000
        0.9750000000        3.2625612966       -2.6733825000
        1.0000000000        3.2802389662       -2.6488935000
 
        0.0000000000        2.5731321850       -4.2202710000
        0.0250000000        2.5908098545       -4.2189105000
        0.0500000000        2.6084875240       -4.2134685000
        0.0750000000        2.6261651936       -4.2039450000
        0.1000000000        2.6438428631       -4.1903400000
        0.1250000000        2.6615205326       -4.1740140000
        0.1500000000        2.6791982021       -4.1508855000
        0.1750000000        2.6968758717       -4.1250360000
        0.2000000000        2.7145535412       -4.0937445000
        0.2250000000        2.7322312107       -4.0556505000
        0.2500000000        2.7499088803       -4.0134750000
        0.2750000000        2.7675865498       -3.9631365000
        0.3000000000        2.7852642193       -3.9059955000
        0.3250000000        2.8029418889       -3.8420520000
        0.3500000000        2.8206195584       -3.7685850000
        0.3750000000        2.8382972279       -3.6883155000
        0.4000000000        2.8559748974       -3.5971620000
        0.4250000000        2.8736525670       -3.4978455000
        0.4500000000        2.8913302365       -3.3917265000
        0.4750000000        2.9090079060       -3.2760840000
        0.5000000000        2.9266855756       -3.1536390000
        0.5250000000        2.9443632451       -3.0243915000
        0.5500000000        2.9620409146       -2.8897020000
        0.5750000000        2.9797185842       -2.7509310000
        0.6000000000        2.9973962537       -2.6080785000
        0.6250000000        3.0150739232       -2.4638655000
        0.6500000000        3.0327515927       -2.3169315000
        0.6750000000        3.0504292623       -2.1713580000
        0.7000000000        3.0681069318       -2.0257845000
        0.7250000000        3.0857846013       -1.8829320000
        0.7500000000        3.1034622709       -1.7441610000
        0.7750000000        3.1211399404       -1.8353145000
        0.8000000000        3.1388176099       -1.9278285000
        0.8250000000        3.1564952794       -2.0230635000
        0.8500000000        3.1741729490       -2.1210195000
        0.8750000000        3.1918506185       -2.2203360000
        0.9000000000        3.2095282880       -2.3210130000
        0.9250000000        3.2272059576       -2.4230505000
        0.9500000000        3.2448836271       -2.5210065000
        0.9750000000        3.2625612966       -2.6067180000
        1.0000000000        3.2802389662       -2.6488935000
 
        0.0000000000        2.5731321850        0.0000000000
        0.0250000000        2.5908098545       -0.0040815000
        0.0500000000        2.6084875240       -0.0190470000
        0.0750000000        2.6261651936       -0.0408150000
        0.1000000000        2.6438428631       -0.0734670000
        0.1250000000        2.6615205326       -0.1129215000
        0.1500000000        2.6791982021       -0.1591785000
        0.1750000000        2.6968758717       -0.2135985000
        0.2000000000        2.7145535412       -0.2721000000
        0.2250000000        2.7322312107       -0.3374040000
        0.2500000000        2.7499088803       -0.4054290000
        0.2750000000        2.7675865498       -0.4775355000
        0.3000000000        2.7852642193       -0.5523630000
        0.3250000000        2.8029418889       -0.6271905000
        0.3500000000        2.8206195584       -0.7020180000
        0.3750000000        2.8382972279       -0.7768455000
        0.4000000000        2.8559748974       -0.8489520000
        0.4250000000        2.8736525670       -0.9183375000
        0.4500000000        2.8913302365       -0.9836415000
        0.4750000000        2.9090079060       -1.0448640000
        0.5000000000        2.9266855756       -1.0979235000
        0.5250000000        2.9443632451       -1.1455410000
        0.5500000000        2.9620409146       -1.1849955000
        0.5750000000        2.9797185842       -1.2149265000
        0.6000000000        2.9973962537       -1.2502995000
        0.6250000000        3.0150739232       -1.3264875000
        0.6500000000        3.0327515927       -1.4067570000
        0.6750000000        3.0504292623       -1.4870265000
        0.7000000000        3.0681069318       -1.5713775000
        0.7250000000        3.0857846013       -1.6570890000
        0.7500000000        3.1034622709       -1.7441610000
        0.7750000000        3.1211399404       -1.6108320000
        0.8000000000        3.1388176099       -1.6638915000
        0.8250000000        3.1564952794       -1.7618475000
        0.8500000000        3.1741729490       -1.8584430000
        0.8750000000        3.1918506185       -1.9536780000
        0.9000000000        3.2095282880       -2.0461920000
        0.9250000000        3.2272059576       -2.1359850000
        0.9500000000        3.2448836271       -2.2162545000
        0.9750000000        3.2625612966       -2.2774770000
        1.0000000000        3.2802389662       -2.3033265000
 
        0.0000000000        2.5731321850        0.0000000000
        0.0250000000        2.5908098545       -0.0040815000
        0.0500000000        2.6084875240       -0.0149655000
        0.0750000000        2.6261651936       -0.0340125000
        0.1000000000        2.6438428631       -0.0585015000
        0.1250000000        2.6615205326       -0.0911535000
        0.1500000000        2.6791982021       -0.1278870000
        0.1750000000        2.6968758717       -0.1700625000
        0.2000000000        2.7145535412       -0.2163195000
        0.2250000000        2.7322312107       -0.2666580000
        0.2500000000        2.7499088803       -0.3197175000
        0.2750000000        2.7675865498       -0.3754980000
        0.3000000000        2.7852642193       -0.4339995000
        0.3250000000        2.8029418889       -0.4938615000
        0.3500000000        2.8206195584       -0.5564445000
        0.3750000000        2.8382972279       -0.6190275000
        0.4000000000        2.8559748974       -0.6843315000
        0.4250000000        2.8736525670       -0.7496355000
        0.4500000000        2.8913302365       -0.8176605000
        0.4750000000        2.9090079060       -0.8856855000
        0.5000000000        2.9266855756       -0.9564315000
        0.5250000000        2.9443632451       -1.0271775000
        0.5500000000        2.9620409146       -1.0992840000
        0.5750000000        2.9797185842       -1.1741115000
        0.6000000000        2.9973962537       -1.2366945000
        0.6250000000        3.0150739232       -1.2489390000
        0.6500000000        3.0327515927       -1.2516600000
        0.6750000000        3.0504292623       -1.2462180000
        0.7000000000        3.0681069318       -1.2802305000
        0.7250000000        3.0857846013       -1.3741050000
        0.7500000000        3.1034622709       -1.4707005000
        0.7750000000        3.1211399404       -1.5672960000
        0.8000000000        3.1388176099       -1.4843055000
        0.8250000000        3.1564952794       -1.3673025000
        0.8500000000        3.1741729490       -1.2611835000
        0.8750000000        3.1918506185       -1.1686695000
        0.9000000000        3.2095282880       -1.0897605000
        0.9250000000        3.2272059576       -1.0258170000
        0.9500000000        3.2448836271       -0.9754785000
        0.9750000000        3.2625612966       -0.9469080000
        1.0000000000        3.2802389662       -0.9373845000
 
        0.0000000000        2.5731321850        0.0000000000
        0.0250000000        2.5908098545       -0.0013605000
        0.0500000000        2.6084875240       -0.0054420000
        0.0750000000        2.6261651936       -0.0122445000
        0.1000000000        2.6438428631       -0.0217680000
        0.1250000000        2.6615205326       -0.0340125000
        0.1500000000        2.6791982021       -0.0489780000
        0.1750000000        2.6968758717       -0.0680250000
        0.2000000000        2.7145535412       -0.0884325000
        0.2250000000        2.7322312107       -0.1129215000
        0.2500000000        2.7499088803       -0.1414920000
        0.2750000000        2.7675865498       -0.1727835000
        0.3000000000        2.7852642193       -0.2067960000
        0.3250000000        2.8029418889       -0.2448900000
        0.3500000000        2.8206195584       -0.2884260000
        0.3750000000        2.8382972279       -0.3346830000
        0.4000000000        2.8559748974       -0.3836610000
        0.4250000000        2.8736525670       -0.4380810000
        0.4500000000        2.8913302365       -0.4965825000
        0.4750000000        2.9090079060       -0.5578050000
        0.5000000000        2.9266855756       -0.6244695000
        0.5250000000        2.9443632451       -0.6952155000
        0.5500000000        2.9620409146       -0.7686825000
        0.5750000000        2.9797185842       -0.8462310000
        0.6000000000        2.9973962537       -0.9265005000
        0.6250000000        3.0150739232       -1.0108515000
        0.6500000000        3.0327515927       -1.0992840000
        0.6750000000        3.0504292623       -1.1890770000
        0.7000000000        3.0681069318       -1.2312525000
        0.7250000000        3.0857846013       -1.2108450000
        0.7500000000        3.1034622709       -1.1849955000
        0.7750000000        3.1211399404       -1.1537040000
        0.8000000000        3.1388176099       -1.1210520000
        0.8250000000        3.1564952794       -1.0870395000
        0.8500000000        3.1741729490       -1.0530270000
        0.8750000000        3.1918506185       -1.0217355000
        0.9000000000        3.2095282880       -0.9945255000
        0.9250000000        3.2272059576       -0.9727575000
        0.9500000000        3.2448836271       -0.9523500000
        0.9750000000        3.2625612966       -0.9414660000
        1.0000000000        3.2802389662       -0.9373845000
 
        0.0000000000        2.5731321850        7.2623490000
        0.0250000000        2.5908098545        7.2582675000
        0.0500000000        2.6084875240        7.2433020000
        0.0750000000        2.6261651936        7.2188130000
        0.1000000000        2.6438428631        7.1861610000
        0.1250000000        2.6615205326        7.1439855000
        0.1500000000        2.6791982021        7.0950075000
        0.1750000000        2.6968758717        7.0378665000
        0.2000000000        2.7145535412        6.9766440000
        0.2250000000        2.7322312107        6.9058980000
        0.2500000000        2.7499088803        6.8351520000
        0.2750000000        2.7675865498        6.7630455000
        0.3000000000        2.7852642193        6.6895785000
        0.3250000000        2.8029418889        6.6161115000
        0.3500000000        2.8206195584        6.5426445000
        0.3750000000        2.8382972279        6.4705380000
        0.4000000000        2.8559748974        6.3984315000
        0.4250000000        2.8736525670        6.3263250000
        0.4500000000        2.8913302365        6.2514975000
        0.4750000000        2.9090079060        6.1739490000
        0.5000000000        2.9266855756        6.0923190000
        0.5250000000        2.9443632451        6.0052470000
        0.5500000000        2.9620409146        5.9127330000
        0.5750000000        2.9797185842        5.8134165000
        0.6000000000        2.9973962537        5.7113790000
        0.6250000000        3.0150739232        5.6025390000
        0.6500000000        3.0327515927        5.4909780000
        0.6750000000        3.0504292623        5.3780565000
        0.7000000000        3.0681069318        5.2651350000
        0.7250000000        3.0857846013        5.1535740000
        0.7500000000        3.1034622709        5.0447340000
        0.7750000000        3.1211399404        4.9386150000
        0.8000000000        3.1388176099        4.8379380000
        0.8250000000        3.1564952794        4.7440635000
        0.8500000000        3.1741729490        4.6583520000
        0.8750000000        3.1918506185        4.5808035000
        0.9000000000        3.2095282880        4.5154995000
        0.9250000000        3.2272059576        4.4610795000
        0.9500000000        3.2448836271        4.4229855000
        0.9750000000        3.2625612966        4.3984965000
        1.0000000000        3.2802389662        4.3903335000
 
        0.0000000000        2.5731321850        7.2623490000
        0.0250000000        2.5908098545        7.2582675000
        0.0500000000        2.6084875240        7.2473835000
        0.0750000000        2.6261651936        7.2283365000
        0.1000000000        2.6438428631        7.2038475000
        0.1250000000        2.6615205326        7.1739165000
        0.1500000000        2.6791982021        7.1412645000
        0.1750000000        2.6968758717        7.1058915000
        0.2000000000        2.7145535412        7.0691580000
        0.2250000000        2.7322312107        7.0310640000
        0.2500000000        2.7499088803        6.9943305000
        0.2750000000        2.7675865498        6.9562365000
        0.3000000000        2.7852642193        6.9181425000
        0.3250000000        2.8029418889        6.8800485000
        0.3500000000        2.8206195584        6.8351520000
        0.3750000000        2.8382972279        6.7956975000
        0.4000000000        2.8559748974        6.7576035000
        0.4250000000        2.8736525670        6.7181490000
        0.4500000000        2.8913302365        6.6814155000
        0.4750000000        2.9090079060        6.6446820000
        0.5000000000        2.9266855756        6.6106695000
        0.5250000000        2.9443632451        6.5780175000
        0.5500000000        2.9620409146        6.5494470000
        0.5750000000        2.9797185842        6.5235975000
        0.6000000000        2.9973962537        6.5004690000
        0.6250000000        3.0150739232        6.4800615000
        0.6500000000        3.0327515927        6.4623750000
        0.6750000000        3.0504292623        6.4487700000
        0.7000000000        3.0681069318        6.4365255000
        0.7250000000        3.0857846013        6.4270020000
        0.7500000000        3.1034622709        6.4188390000
        0.7750000000        3.1211399404        6.4133970000
        0.8000000000        3.1388176099        6.4093155000
        0.8250000000        3.1564952794        6.4065945000
        0.8500000000        3.1741729490        6.4065945000
        0.8750000000        3.1918506185        6.4065945000
        0.9000000000        3.2095282880        6.4065945000
        0.9250000000        3.2272059576        6.4079550000
        0.9500000000        3.2448836271        6.4161180000
        0.9750000000        3.2625612966        6.4161180000
        1.0000000000        3.2802389662        6.4174785000
 
        0.0000000000        2.5731321850        7.2623490000
        0.0250000000        2.5908098545        7.2609885000
        0.0500000000        2.6084875240        7.2541860000
        0.0750000000        2.6261651936        7.2433020000
        0.1000000000        2.6438428631        7.2269760000
        0.1250000000        2.6615205326        7.2079290000
        0.1500000000        2.6791982021        7.1834400000
        0.1750000000        2.6968758717        7.1535090000
        0.2000000000        2.7145535412        7.1208570000
        0.2250000000        2.7322312107        7.0841235000
        0.2500000000        2.7499088803        7.0446690000
        0.2750000000        2.7675865498        7.0038540000
        0.3000000000        2.7852642193        6.9616785000
        0.3250000000        2.8029418889        6.9195030000
        0.3500000000        2.8206195584        6.8664435000
        0.3750000000        2.8382972279        6.8242680000
        0.4000000000        2.8559748974        6.7848135000
        0.4250000000        2.8736525670        6.7467195000
        0.4500000000        2.8913302365        6.7113465000
        0.4750000000        2.9090079060        6.6786945000
        0.5000000000        2.9266855756        6.6474030000
        0.5250000000        2.9443632451        6.6188325000
        0.5500000000        2.9620409146        6.5916225000
        0.5750000000        2.9797185842        6.5684940000
        0.6000000000        2.9973962537        6.5453655000
        0.6250000000        3.0150739232        6.5263185000
        0.6500000000        3.0327515927        6.5072715000
        0.6750000000        3.0504292623        6.4923060000
        0.7000000000        3.0681069318        6.4773405000
        0.7250000000        3.0857846013        6.4650960000
        0.7500000000        3.1034622709        6.4555725000
        0.7750000000        3.1211399404        6.4460490000
        0.8000000000        3.1388176099        6.4392465000
        0.8250000000        3.1564952794        6.4324440000
        0.8500000000        3.1741729490        6.4270020000
        0.8750000000        3.1918506185        6.4229205000
        0.9000000000        3.2095282880        6.4201995000
        0.9250000000        3.2272059576        6.4174785000
        0.9500000000        3.2448836271        6.4188390000
        0.9750000000        3.2625612966        6.4174785000
        1.0000000000        3.2802389662        6.4174785000
 
        0.0000000000        2.5731321850        9.6405030000
        0.0250000000        2.5908098545        9.6445845000
        0.0500000000        2.6084875240        9.6595500000
        0.0750000000        2.6261651936        9.6840390000
        0.1000000000        2.6438428631        9.7166910000
        0.1250000000        2.6615205326        9.7575060000
        0.1500000000        2.6791982021        9.8051235000
        0.1750000000        2.6968758717        9.8568225000
        0.2000000000        2.7145535412        9.9098820000
        0.2250000000        2.7322312107        9.9615810000
        0.2500000000        2.7499088803       10.0037565000
        0.2750000000        2.7675865498       10.0255245000
        0.3000000000        2.7852642193       10.0160010000
        0.3250000000        2.8029418889        9.9683835000
        0.3500000000        2.8206195584        9.8881140000
        0.3750000000        2.8382972279        9.7833555000
        0.4000000000        2.8559748974        9.6622710000
        0.4250000000        2.8736525670        9.5289420000
        0.4500000000        2.8913302365        9.3874500000
        0.4750000000        2.9090079060        9.2405160000
        0.5000000000        2.9266855756        9.0895005000
        0.5250000000        2.9443632451        8.9357640000
        0.5500000000        2.9620409146        8.7806670000
        0.5750000000        2.9797185842        8.6242095000
        0.6000000000        2.9973962537        8.4704730000
        0.6250000000        3.0150739232        8.3167365000
        0.6500000000        3.0327515927        8.1670815000
        0.6750000000        3.0504292623        8.0201475000
        0.7000000000        3.0681069318        7.8772950000
        0.7250000000        3.0857846013        7.7412450000
        0.7500000000        3.1034622709        7.6119975000
        0.7750000000        3.1211399404        7.4909130000
        0.8000000000        3.1388176099        7.3779915000
        0.8250000000        3.1564952794        7.2759540000
        0.8500000000        3.1741729490        7.1848005000
        0.8750000000        3.1918506185        7.1058915000
        0.9000000000        3.2095282880        7.0405875000
        0.9250000000        3.2272059576        6.9888885000
        0.9500000000        3.2448836271        6.9589575000
        0.9750000000        3.2625612966        6.9358290000
        1.0000000000        3.2802389662        6.9276660000
 
        0.0000000000        2.5731321850        9.6405030000
        0.0250000000        2.5908098545        9.6445845000
        0.0500000000        2.6084875240        9.6595500000
        0.0750000000        2.6261651936        9.6853995000
        0.1000000000        2.6438428631        9.7194120000
        0.1250000000        2.6615205326        9.7629480000
        0.1500000000        2.6791982021        9.8146470000
        0.1750000000        2.6968758717        9.8745090000
        0.2000000000        2.7145535412        9.9411735000
        0.2250000000        2.7322312107       10.0132800000
        0.2500000000        2.7499088803       10.0908285000
        0.2750000000        2.7675865498       10.1683770000
        0.3000000000        2.7852642193       10.2445650000
        0.3250000000        2.8029418889       10.3139505000
        0.3500000000        2.8206195584       10.3656495000
        0.3750000000        2.8382972279       10.3996620000
        0.4000000000        2.8559748974       10.4078250000
        0.4250000000        2.8736525670       10.3928595000
        0.4500000000        2.8913302365       10.3588470000
        0.4750000000        2.9090079060       10.3112295000
        0.5000000000        2.9266855756       10.2540885000
        0.5250000000        2.9443632451       10.1901450000
        0.5500000000        2.9620409146       10.1221200000
        0.5750000000        2.9797185842       10.0500135000
        0.6000000000        2.9973962537        9.9751860000
        0.6250000000        3.0150739232        9.9003585000
        0.6500000000        3.0327515927        9.8241705000
        0.6750000000        3.0504292623        9.7479825000
        0.7000000000        3.0681069318        9.6717945000
        0.7250000000        3.0857846013        9.5983275000
        0.7500000000        3.1034622709        9.5289420000
        0.7750000000        3.1211399404        9.4609170000
        0.8000000000        3.1388176099        9.3983340000
        0.8250000000        3.1564952794        9.3398325000
        0.8500000000        3.1741729490        9.2881335000
        0.8750000000        3.1918506185        9.2432370000
        0.9000000000        3.2095282880        9.2051430000
        0.9250000000        3.2272059576        9.1738515000
        0.9500000000        3.2448836271        9.1534440000
        0.9750000000        3.2625612966        9.1398390000
        1.0000000000        3.2802389662        9.1357575000
 
        0.0000000000        2.5731321850        9.6405030000
        0.0250000000        2.5908098545        9.6486660000
        0.0500000000        2.6084875240        9.6717945000
        0.0750000000        2.6261651936        9.7112490000
        0.1000000000        2.6438428631        9.7629480000
        0.1250000000        2.6615205326        9.8296125000
        0.1500000000        2.6791982021        9.9058005000
        0.1750000000        2.6968758717        9.9901515000
        0.2000000000        2.7145535412       10.0813050000
        0.2250000000        2.7322312107       10.1751795000
        0.2500000000        2.7499088803       10.2717750000
        0.2750000000        2.7675865498       10.3656495000
        0.3000000000        2.7852642193       10.4554425000
        0.3250000000        2.8029418889       10.5384330000
        0.3500000000        2.8206195584       10.6119000000
        0.3750000000        2.8382972279       10.6758435000
        0.4000000000        2.8559748974       10.7289030000
        0.4250000000        2.8736525670       10.7697180000
        0.4500000000        2.8913302365       10.7996490000
        0.4750000000        2.9090079060       10.8186960000
        0.5000000000        2.9266855756       10.8268590000
        0.5250000000        2.9443632451       10.8254985000
        0.5500000000        2.9620409146       10.8159750000
        0.5750000000        2.9797185842       10.7982885000
        0.6000000000        2.9973962537       10.7751600000
        0.6250000000        3.0150739232       10.7465895000
        0.6500000000        3.0327515927       10.7125770000
        0.6750000000        3.0504292623       10.6704015000
        0.7000000000        3.0681069318       10.5887715000
        0.7250000000        3.0857846013       10.5112230000
        0.7500000000        3.1034622709       10.4391165000
        0.7750000000        3.1211399404       10.3724520000
        0.8000000000        3.1388176099       10.3125900000
        0.8250000000        3.1564952794       10.2595305000
        0.8500000000        3.1741729490       10.2119130000
        0.8750000000        3.1918506185       10.1710980000
        0.9000000000        3.2095282880       10.1384460000
        0.9250000000        3.2272059576       10.1125965000
        0.9500000000        3.2448836271       10.0935495000
        0.9750000000        3.2625612966       10.0826655000
        1.0000000000        3.2802389662       10.0785840000
 
        0.0000000000        2.5731321850       11.1969150000
        0.0250000000        2.5908098545       11.1914730000
        0.0500000000        2.6084875240       11.1751470000
        0.0750000000        2.6261651936       11.1479370000
        0.1000000000        2.6438428631       11.1112035000
        0.1250000000        2.6615205326       11.0649465000
        0.1500000000        2.6791982021       11.0105265000
        0.1750000000        2.6968758717       10.9493040000
        0.2000000000        2.7145535412       10.8840000000
        0.2250000000        2.7322312107       10.8186960000
        0.2500000000        2.7499088803       10.7601945000
        0.2750000000        2.7675865498       10.7180190000
        0.3000000000        2.7852642193       10.7057745000
        0.3250000000        2.8029418889       10.7289030000
        0.3500000000        2.8206195584       10.7792415000
        0.3750000000        2.8382972279       10.8527085000
        0.4000000000        2.8559748974       10.9411410000
        0.4250000000        2.8736525670       11.0390970000
        0.4500000000        2.8913302365       11.1356925000
        0.4750000000        2.9090079060       11.2132410000
        0.5000000000        2.9266855756       11.2935105000
        0.5250000000        2.9443632451       11.2540560000
        0.5500000000        2.9620409146       11.1452160000
        0.5750000000        2.9797185842       11.0418180000
        0.6000000000        2.9973962537       10.9479435000
        0.6250000000        3.0150739232       10.8513480000
        0.6500000000        3.0327515927       10.7588340000
        0.6750000000        3.0504292623       10.6731225000
        0.7000000000        3.0681069318       10.6295865000
        0.7250000000        3.0857846013       10.5833295000
        0.7500000000        3.1034622709       10.5329910000
        0.7750000000        3.1211399404       10.4799315000
        0.8000000000        3.1388176099       10.4241510000
        0.8250000000        3.1564952794       10.3697310000
        0.8500000000        3.1741729490       10.3153110000
        0.8750000000        3.1918506185       10.2636120000
        0.9000000000        3.2095282880       10.2173550000
        0.9250000000        3.2272059576       10.1792610000
        0.9500000000        3.2448836271       10.1520510000
        0.9750000000        3.2625612966       10.1343645000
        1.0000000000        3.2802389662       10.1275620000
 
        0.0000000000        2.5731321850       11.1969150000
        0.0250000000        2.5908098545       11.1941940000
        0.0500000000        2.6084875240       11.1887520000
        0.0750000000        2.6261651936       11.1805890000
        0.1000000000        2.6438428631       11.1683445000
        0.1250000000        2.6615205326       11.1520185000
        0.1500000000        2.6791982021       11.1329715000
        0.1750000000        2.6968758717       11.1098430000
        0.2000000000        2.7145535412       11.0853540000
        0.2250000000        2.7322312107       11.0581440000
        0.2500000000        2.7499088803       11.0309340000
        0.2750000000        2.7675865498       11.0037240000
        0.3000000000        2.7852642193       10.9792350000
        0.3250000000        2.8029418889       10.9615485000
        0.3500000000        2.8206195584       10.9574670000
        0.3750000000        2.8382972279       10.9724325000
        0.4000000000        2.8559748974       11.0091660000
        0.4250000000        2.8736525670       11.0649465000
        0.4500000000        2.8913302365       11.1424950000
        0.4750000000        2.9090079060       11.2499745000
        0.5000000000        2.9266855756       11.3601750000
        0.5250000000        2.9443632451       11.3737800000
        0.5500000000        2.9620409146       11.4526890000
        0.5750000000        2.9797185842       11.5288770000
        0.6000000000        2.9973962537       11.6064255000
        0.6250000000        3.0150739232       11.6771715000
        0.6500000000        3.0327515927       11.7438360000
        0.6750000000        3.0504292623       11.8091400000
        0.7000000000        3.0681069318       11.8717230000
        0.7250000000        3.0857846013       11.8227450000
        0.7500000000        3.1034622709       11.7003000000
        0.7750000000        3.1211399404       11.5873785000
        0.8000000000        3.1388176099       11.4853410000
        0.8250000000        3.1564952794       11.3955480000
        0.8500000000        3.1741729490       11.3193600000
        0.8750000000        3.1918506185       11.2554165000
        0.9000000000        3.2095282880       11.2050780000
        0.9250000000        3.2272059576       11.1669840000
        0.9500000000        3.2448836271       11.1465765000
        0.9750000000        3.2625612966       11.1316110000
        1.0000000000        3.2802389662       11.1261690000
 
        0.0000000000        2.5731321850       12.5206815000
        0.0250000000        2.5908098545       12.5261235000
        0.0500000000        2.6084875240       12.5410890000
        0.0750000000        2.6261651936       12.5655780000
        0.1000000000        2.6438428631       12.5995905000
        0.1250000000        2.6615205326       12.6444870000
        0.1500000000        2.6791982021       12.6975465000
        0.1750000000        2.6968758717       12.7614900000
        0.2000000000        2.7145535412       12.8227125000
        0.2250000000        2.7322312107       12.7111515000
        0.2500000000        2.7499088803       12.5941485000
        0.2750000000        2.7675865498       12.4730640000
        0.3000000000        2.7852642193       12.3492585000
        0.3250000000        2.8029418889       12.2254530000
        0.3500000000        2.8206195584       12.0894030000
        0.3750000000        2.8382972279       11.9628765000
        0.4000000000        2.8559748974       11.8390710000
        0.4250000000        2.8736525670       11.7166260000
        0.4500000000        2.8913302365       11.5969020000
        0.4750000000        2.9090079060       11.4785385000
        0.5000000000        2.9266855756       11.3642565000
        0.5250000000        2.9443632451       11.4703755000
        0.5500000000        2.9620409146       11.5819365000
        0.5750000000        2.9797185842       11.6921370000
        0.6000000000        2.9973962537       11.8159425000
        0.6250000000        3.0150739232       11.9207010000
        0.6500000000        3.0327515927       12.0240990000
        0.6750000000        3.0504292623       12.0826005000
        0.7000000000        3.0681069318       11.9506320000
        0.7250000000        3.0857846013       11.9343060000
        0.7500000000        3.1034622709       11.9955285000
        0.7750000000        3.1211399404       12.0567510000
        0.8000000000        3.1388176099       12.1179735000
        0.8250000000        3.1564952794       12.1791960000
        0.8500000000        3.1741729490       12.2431395000
        0.8750000000        3.1918506185       12.3084435000
        0.9000000000        3.2095282880       12.3737475000
        0.9250000000        3.2272059576       12.4404120000
        0.9500000000        3.2448836271       12.5070765000
        0.9750000000        3.2625612966       12.5628570000
        1.0000000000        3.2802389662       12.5887065000
 
        0.0000000000        2.5731321850       13.3301790000
        0.0250000000        2.5908098545       13.3206555000
        0.0500000000        2.6084875240       13.2934455000
        0.0750000000        2.6261651936       13.2485490000
        0.1000000000        2.6438428631       13.1873265000
        0.1250000000        2.6615205326       13.1124990000
        0.1500000000        2.6791982021       13.0254270000
        0.1750000000        2.6968758717       12.9288315000
        0.2000000000        2.7145535412       12.8322360000
        0.2250000000        2.7322312107       12.9070635000
        0.2500000000        2.7499088803       12.9805305000
        0.2750000000        2.7675865498       13.0349505000
        0.3000000000        2.7852642193       13.0539975000
        0.3250000000        2.8029418889       13.0499160000
        0.3500000000        2.8206195584       13.0349505000
        0.3750000000        2.8382972279       13.0145430000
        0.4000000000        2.8559748974       12.9900540000
        0.4250000000        2.8736525670       12.9601230000
        0.4500000000        2.8913302365       12.9220290000
        0.4750000000        2.9090079060       12.8757720000
        0.5000000000        2.9266855756       12.8186310000
        0.5250000000        2.9443632451       12.7478850000
        0.5500000000        2.9620409146       12.6635340000
        0.5750000000        2.9797185842       12.5655780000
        0.6000000000        2.9973962537       12.4594590000
        0.6250000000        3.0150739232       12.3397350000
        0.6500000000        3.0327515927       12.2132085000
        0.6750000000        3.0504292623       12.1234155000
        0.7000000000        3.0681069318       12.2186505000
        0.7250000000        3.0857846013       12.3084435000
        0.7500000000        3.1034622709       12.3927945000
        0.7750000000        3.1211399404       12.4703430000
        0.8000000000        3.1388176099       12.5424495000
        0.8250000000        3.1564952794       12.6077535000
        0.8500000000        3.1741729490       12.6648945000
        0.8750000000        3.1918506185       12.7138725000
        0.9000000000        3.2095282880       12.7546875000
        0.9250000000        3.2272059576       12.7873395000
        0.9500000000        3.2448836271       12.8118285000
        0.9750000000        3.2625612966       12.8254335000
        1.0000000000        3.2802389662       12.8295150000
 
        0.0000000000        2.5731321850       13.3301790000
        0.0250000000        2.5908098545       13.3288185000
        0.0500000000        2.6084875240       13.3233765000
        0.0750000000        2.6261651936       13.3152135000
        0.1000000000        2.6438428631       13.3029690000
        0.1250000000        2.6615205326       13.2893640000
        0.1500000000        2.6791982021       13.2743985000
        0.1750000000        2.6968758717       13.2580725000
        0.2000000000        2.7145535412       13.2431070000
        0.2250000000        2.7322312107       13.2226995000
        0.2500000000        2.7499088803       13.2240600000
        0.2750000000        2.7675865498       13.2539910000
        0.3000000000        2.7852642193       13.3274580000
        0.3250000000        2.8029418889       13.4308560000
        0.3500000000        2.8206195584       13.5492195000
        0.3750000000        2.8382972279       13.6757460000
        0.4000000000        2.8559748974       13.8036330000
        0.4250000000        2.8736525670       13.9274385000
        0.4500000000        2.8913302365       14.0458020000
        0.4750000000        2.9090079060       14.1519210000
        0.5000000000        2.9266855756       14.2471560000
        0.5250000000        2.9443632451       14.3287860000
        0.5500000000        2.9620409146       14.3995320000
        0.5750000000        2.9797185842       14.4607545000
        0.6000000000        2.9973962537       14.5165350000
        0.6250000000        3.0150739232       14.4784410000
        0.6500000000        3.0327515927       14.3437515000
        0.6750000000        3.0504292623       14.2090620000
        0.7000000000        3.0681069318       14.0757330000
        0.7250000000        3.0857846013       13.9437645000
        0.7500000000        3.1034622709       13.8131565000
        0.7750000000        3.1211399404       13.6852695000
        0.8000000000        3.1388176099       13.5614640000
        0.8250000000        3.1564952794       13.4403795000
        0.8500000000        3.1741729490       13.3247370000
        0.8750000000        3.1918506185       13.2145365000
        0.9000000000        3.2095282880       13.1097780000
        0.9250000000        3.2272059576       13.0118220000
        0.9500000000        3.2448836271       12.9301920000
        0.9750000000        3.2625612966       12.8608065000
        1.0000000000        3.2802389662       12.8295150000
 
        0.0000000000        2.5731321850       16.8021750000
        0.0250000000        2.5908098545       16.7967330000
        0.0500000000        2.6084875240       16.7790465000
        0.0750000000        2.6261651936       16.7518365000
        0.1000000000        2.6438428631       16.7123820000
        0.1250000000        2.6615205326       16.6634040000
        0.1500000000        2.6791982021       16.6049025000
        0.1750000000        2.6968758717       16.5382380000
        0.2000000000        2.7145535412       16.4620500000
        0.2250000000        2.7322312107       16.3736175000
        0.2500000000        2.7499088803       16.2838245000
        0.2750000000        2.7675865498       16.1872290000
        0.3000000000        2.7852642193       16.0851915000
        0.3250000000        2.8029418889       15.9790725000
        0.3500000000        2.8206195584       15.8688720000
        0.3750000000        2.8382972279       15.7545900000
        0.4000000000        2.8559748974       15.6375870000
        0.4250000000        2.8736525670       15.5165025000
        0.4500000000        2.8913302365       15.3940575000
        0.4750000000        2.9090079060       15.2688915000
        0.5000000000        2.9266855756       15.1410045000
        0.5250000000        2.9443632451       15.0117570000
        0.5500000000        2.9620409146       14.8797885000
        0.5750000000        2.9797185842       14.7478200000
        0.6000000000        2.9973962537       14.6131305000
        0.6250000000        3.0150739232       14.5668735000
        0.6500000000        3.0327515927       14.6144910000
        0.6750000000        3.0504292623       14.6607480000
        0.7000000000        3.0681069318       14.7056445000
        0.7250000000        3.0857846013       14.7491805000
        0.7500000000        3.1034622709       14.7899955000
        0.7750000000        3.1211399404       14.8294500000
        0.8000000000        3.1388176099       14.8661835000
        0.8250000000        3.1564952794       14.9001960000
        0.8500000000        3.1741729490       14.9301270000
        0.8750000000        3.1918506185       14.9559765000
        0.9000000000        3.2095282880       14.9777445000
        0.9250000000        3.2272059576       14.9954310000
        0.9500000000        3.2448836271       15.0103965000
        0.9750000000        3.2625612966       15.0171990000
        1.0000000000        3.2802389662       15.0199200000
 
