        0.0000000000        0.0000000000       -8.0068146000
        0.0250100731        0.0086900000       -8.0068146000
        0.0499913659        0.0173700000       -8.0068146000
        0.0750014390        0.0260600000       -8.0068146000
        0.1000115121        0.0347500000       -8.0068146000
        0.1249928049        0.0434300000       -8.0068146000
        0.1500028780        0.0521200000       -8.0068146000
        0.1750129511        0.0608100000       -8.0068146000
        0.1999942439        0.0694900000       -8.0068146000
        0.2250043170        0.0781800000       -8.0068146000
        0.2500143901        0.0868700000       -8.0054541000
        0.2749956830        0.0955500000       -8.0054541000
        0.3000057561        0.1042400000       -8.0054541000
        0.3250158292        0.1129300000       -8.0054541000
        0.3499971220        0.1216100000       -8.0040936000
        0.3750071951        0.1303000000       -8.0040936000
        0.4000172682        0.1389900000       -8.0040936000
        0.4249985610        0.1476700000       -8.0027331000
        0.4500086341        0.1563600000       -8.0027331000
        0.4750187072        0.1650500000       -8.0013726000
        0.5000000000        0.1737300000       -8.0013726000
        0.5250100731        0.1824200000       -8.0013726000
        0.5500201462        0.1911100000       -8.0000121000
        0.5750014390        0.1997900000       -8.0000121000
        0.6000115121        0.2084800000       -7.9986516000
        0.6249928049        0.2171600000       -7.9986516000
        0.6500028780        0.2258500000       -7.9986516000
        0.6750129511        0.2345400000       -7.9972911000
        0.6999942439        0.2432200000       -7.9972911000
        0.7250043170        0.2519100000       -7.9972911000
        0.7500143901        0.2606000000       -7.9972911000
        0.7749956830        0.2692800000       -7.9959306000
        0.8000057561        0.2779700000       -7.9959306000
        0.8250158292        0.2866600000       -7.9959306000
        0.8499971220        0.2953400000       -7.9945701000
        0.8750071951        0.3040300000       -7.9945701000
        0.9000172682        0.3127200000       -7.9932096000
        0.9249985610        0.3214000000       -7.9932096000
        0.9500086341        0.3300900000       -7.9932096000
        0.9750187072        0.3387800000       -7.9918491000
        1.0000000000        0.3474600000       -7.9918491000
 
        0.0000000000        0.0000000000       -8.0068146000
        0.0250100731        0.0086900000       -8.0068146000
        0.0499913659        0.0173700000       -8.0068146000
        0.0750014390        0.0260600000       -8.0068146000
        0.1000115121        0.0347500000       -8.0068146000
        0.1249928049        0.0434300000       -8.0068146000
        0.1500028780        0.0521200000       -8.0068146000
        0.1750129511        0.0608100000       -8.0068146000
        0.1999942439        0.0694900000       -8.0068146000
        0.2250043170        0.0781800000       -8.0068146000
        0.2500143901        0.0868700000       -8.0054541000
        0.2749956830        0.0955500000       -8.0054541000
        0.3000057561        0.1042400000       -8.0054541000
        0.3250158292        0.1129300000       -8.0054541000
        0.3499971220        0.1216100000       -8.0040936000
        0.3750071951        0.1303000000       -8.0040936000
        0.4000172682        0.1389900000       -8.0040936000
        0.4249985610        0.1476700000       -8.0027331000
        0.4500086341        0.1563600000       -8.0027331000
        0.4750187072        0.1650500000       -8.0013726000
        0.5000000000        0.1737300000       -8.0013726000
        0.5250100731        0.1824200000       -8.0013726000
        0.5500201462        0.1911100000       -8.0000121000
        0.5750014390        0.1997900000       -8.0000121000
        0.6000115121        0.2084800000       -7.9986516000
        0.6249928049        0.2171600000       -7.9986516000
        0.6500028780        0.2258500000       -7.9986516000
        0.6750129511        0.2345400000       -7.9972911000
        0.6999942439        0.2432200000       -7.9972911000
        0.7250043170        0.2519100000       -7.9959306000
        0.7500143901        0.2606000000       -7.9959306000
        0.7749956830        0.2692800000       -7.9945701000
        0.8000057561        0.2779700000       -7.9945701000
        0.8250158292        0.2866600000       -7.9932096000
        0.8499971220        0.2953400000       -7.9932096000
        0.8750071951        0.3040300000       -7.9932096000
        0.9000172682        0.3127200000       -7.9932096000
        0.9249985610        0.3214000000       -7.9918491000
        0.9500086341        0.3300900000       -7.9918491000
        0.9750187072        0.3387800000       -7.9918491000
        1.0000000000        0.3474600000       -7.9918491000
 
        0.0000000000        0.0000000000       -7.9932096000
        0.0250100731        0.0086900000       -7.9932096000
        0.0499913659        0.0173700000       -7.9945701000
        0.0750014390        0.0260600000       -7.9945701000
        0.1000115121        0.0347500000       -7.9945701000
        0.1249928049        0.0434300000       -7.9945701000
        0.1500028780        0.0521200000       -7.9945701000
        0.1750129511        0.0608100000       -7.9959306000
        0.1999942439        0.0694900000       -7.9959306000
        0.2250043170        0.0781800000       -7.9959306000
        0.2500143901        0.0868700000       -7.9959306000
        0.2749956830        0.0955500000       -7.9972911000
        0.3000057561        0.1042400000       -7.9972911000
        0.3250158292        0.1129300000       -7.9972911000
        0.3499971220        0.1216100000       -7.9972911000
        0.3750071951        0.1303000000       -7.9972911000
        0.4000172682        0.1389900000       -7.9972911000
        0.4249985610        0.1476700000       -7.9972911000
        0.4500086341        0.1563600000       -7.9972911000
        0.4750187072        0.1650500000       -7.9959306000
        0.5000000000        0.1737300000       -7.9959306000
        0.5250100731        0.1824200000       -7.9959306000
        0.5500201462        0.1911100000       -7.9959306000
        0.5750014390        0.1997900000       -7.9959306000
        0.6000115121        0.2084800000       -7.9986516000
        0.6249928049        0.2171600000       -7.9986516000
        0.6500028780        0.2258500000       -7.9972911000
        0.6750129511        0.2345400000       -7.9972911000
        0.6999942439        0.2432200000       -7.9972911000
        0.7250043170        0.2519100000       -7.9959306000
        0.7500143901        0.2606000000       -7.9959306000
        0.7749956830        0.2692800000       -7.9945701000
        0.8000057561        0.2779700000       -7.9945701000
        0.8250158292        0.2866600000       -7.9932096000
        0.8499971220        0.2953400000       -7.9932096000
        0.8750071951        0.3040300000       -7.9932096000
        0.9000172682        0.3127200000       -7.9932096000
        0.9249985610        0.3214000000       -7.9918491000
        0.9500086341        0.3300900000       -7.9918491000
        0.9750187072        0.3387800000       -7.9918491000
        1.0000000000        0.3474600000       -7.9904886000
 
        0.0000000000        0.0000000000       -7.9823256000
        0.0250100731        0.0086900000       -7.9823256000
        0.0499913659        0.0173700000       -7.9823256000
        0.0750014390        0.0260600000       -7.9809651000
        0.1000115121        0.0347500000       -7.9809651000
        0.1249928049        0.0434300000       -7.9796046000
        0.1500028780        0.0521200000       -7.9782441000
        0.1750129511        0.0608100000       -7.9782441000
        0.1999942439        0.0694900000       -7.9768836000
        0.2250043170        0.0781800000       -7.9768836000
        0.2500143901        0.0868700000       -7.9768836000
        0.2749956830        0.0955500000       -7.9755231000
        0.3000057561        0.1042400000       -7.9755231000
        0.3250158292        0.1129300000       -7.9741626000
        0.3499971220        0.1216100000       -7.9741626000
        0.3750071951        0.1303000000       -7.9728021000
        0.4000172682        0.1389900000       -7.9714416000
        0.4249985610        0.1476700000       -7.9714416000
        0.4500086341        0.1563600000       -7.9700811000
        0.4750187072        0.1650500000       -7.9673601000
        0.5000000000        0.1737300000       -7.9659996000
        0.5250100731        0.1824200000       -7.9659996000
        0.5500201462        0.1911100000       -7.9646391000
        0.5750014390        0.1997900000       -7.9646391000
        0.6000115121        0.2084800000       -7.9673601000
        0.6249928049        0.2171600000       -7.9700811000
        0.6500028780        0.2258500000       -7.9714416000
        0.6750129511        0.2345400000       -7.9741626000
        0.6999942439        0.2432200000       -7.9768836000
        0.7250043170        0.2519100000       -7.9782441000
        0.7500143901        0.2606000000       -7.9796046000
        0.7749956830        0.2692800000       -7.9809651000
        0.8000057561        0.2779700000       -7.9823256000
        0.8250158292        0.2866600000       -7.9836861000
        0.8499971220        0.2953400000       -7.9850466000
        0.8750071951        0.3040300000       -7.9864071000
        0.9000172682        0.3127200000       -7.9877676000
        0.9249985610        0.3214000000       -7.9891281000
        0.9500086341        0.3300900000       -7.9891281000
        0.9750187072        0.3387800000       -7.9904886000
        1.0000000000        0.3474600000       -7.9904886000
 
        0.0000000000        0.0000000000       -7.9796046000
        0.0250100731        0.0086900000       -7.9796046000
        0.0499913659        0.0173700000       -7.9796046000
        0.0750014390        0.0260600000       -7.9796046000
        0.1000115121        0.0347500000       -7.9796046000
        0.1249928049        0.0434300000       -7.9782441000
        0.1500028780        0.0521200000       -7.9782441000
        0.1750129511        0.0608100000       -7.9782441000
        0.1999942439        0.0694900000       -7.9768836000
        0.2250043170        0.0781800000       -7.9768836000
        0.2500143901        0.0868700000       -7.9768836000
        0.2749956830        0.0955500000       -7.9755231000
        0.3000057561        0.1042400000       -7.9755231000
        0.3250158292        0.1129300000       -7.9741626000
        0.3499971220        0.1216100000       -7.9741626000
        0.3750071951        0.1303000000       -7.9728021000
        0.4000172682        0.1389900000       -7.9714416000
        0.4249985610        0.1476700000       -7.9714416000
        0.4500086341        0.1563600000       -7.9700811000
        0.4750187072        0.1650500000       -7.9673601000
        0.5000000000        0.1737300000       -7.9659996000
        0.5250100731        0.1824200000       -7.9659996000
        0.5500201462        0.1911100000       -7.9646391000
        0.5750014390        0.1997900000       -7.9646391000
        0.6000115121        0.2084800000       -7.9646391000
        0.6249928049        0.2171600000       -7.9632786000
        0.6500028780        0.2258500000       -7.9632786000
        0.6750129511        0.2345400000       -7.9632786000
        0.6999942439        0.2432200000       -7.9619181000
        0.7250043170        0.2519100000       -7.9619181000
        0.7500143901        0.2606000000       -7.9619181000
        0.7749956830        0.2692800000       -7.9619181000
        0.8000057561        0.2779700000       -7.9619181000
        0.8250158292        0.2866600000       -7.9619181000
        0.8499971220        0.2953400000       -7.9619181000
        0.8750071951        0.3040300000       -7.9632786000
        0.9000172682        0.3127200000       -7.9632786000
        0.9249985610        0.3214000000       -7.9632786000
        0.9500086341        0.3300900000       -7.9632786000
        0.9750187072        0.3387800000       -7.9632786000
        1.0000000000        0.3474600000       -7.9632786000
 
        0.0000000000        0.0000000000       -7.9796046000
        0.0250100731        0.0086900000       -7.9796046000
        0.0499913659        0.0173700000       -7.9796046000
        0.0750014390        0.0260600000       -7.9796046000
        0.1000115121        0.0347500000       -7.9796046000
        0.1249928049        0.0434300000       -7.9782441000
        0.1500028780        0.0521200000       -7.9782441000
        0.1750129511        0.0608100000       -7.9782441000
        0.1999942439        0.0694900000       -7.9768836000
        0.2250043170        0.0781800000       -7.9755231000
        0.2500143901        0.0868700000       -7.9741626000
        0.2749956830        0.0955500000       -7.9728021000
        0.3000057561        0.1042400000       -7.9714416000
        0.3250158292        0.1129300000       -7.9687206000
        0.3499971220        0.1216100000       -7.9673601000
        0.3750071951        0.1303000000       -7.9659996000
        0.4000172682        0.1389900000       -7.9632786000
        0.4249985610        0.1476700000       -7.9619181000
        0.4500086341        0.1563600000       -7.9591971000
        0.4750187072        0.1650500000       -7.9578366000
        0.5000000000        0.1737300000       -7.9551156000
        0.5250100731        0.1824200000       -7.9591971000
        0.5500201462        0.1911100000       -7.9619181000
        0.5750014390        0.1997900000       -7.9646391000
        0.6000115121        0.2084800000       -7.9632786000
        0.6249928049        0.2171600000       -7.9632786000
        0.6500028780        0.2258500000       -7.9632786000
        0.6750129511        0.2345400000       -7.9632786000
        0.6999942439        0.2432200000       -7.9619181000
        0.7250043170        0.2519100000       -7.9619181000
        0.7500143901        0.2606000000       -7.9619181000
        0.7749956830        0.2692800000       -7.9619181000
        0.8000057561        0.2779700000       -7.9619181000
        0.8250158292        0.2866600000       -7.9619181000
        0.8499971220        0.2953400000       -7.9619181000
        0.8750071951        0.3040300000       -7.9632786000
        0.9000172682        0.3127200000       -7.9632786000
        0.9249985610        0.3214000000       -7.9632786000
        0.9500086341        0.3300900000       -7.9632786000
        0.9750187072        0.3387800000       -7.9632786000
        1.0000000000        0.3474600000       -7.9632786000
 
        0.0000000000        0.0000000000       -7.9265451000
        0.0250100731        0.0086900000       -7.9265451000
        0.0499913659        0.0173700000       -7.9265451000
        0.0750014390        0.0260600000       -7.9265451000
        0.1000115121        0.0347500000       -7.9265451000
        0.1249928049        0.0434300000       -7.9265451000
        0.1500028780        0.0521200000       -7.9265451000
        0.1750129511        0.0608100000       -7.9279056000
        0.1999942439        0.0694900000       -7.9279056000
        0.2250043170        0.0781800000       -7.9279056000
        0.2500143901        0.0868700000       -7.9292661000
        0.2749956830        0.0955500000       -7.9292661000
        0.3000057561        0.1042400000       -7.9306266000
        0.3250158292        0.1129300000       -7.9306266000
        0.3499971220        0.1216100000       -7.9319871000
        0.3750071951        0.1303000000       -7.9360686000
        0.4000172682        0.1389900000       -7.9401501000
        0.4249985610        0.1476700000       -7.9442316000
        0.4500086341        0.1563600000       -7.9483131000
        0.4750187072        0.1650500000       -7.9523946000
        0.5000000000        0.1737300000       -7.9551156000
        0.5250100731        0.1824200000       -7.9537551000
        0.5500201462        0.1911100000       -7.9510341000
        0.5750014390        0.1997900000       -7.9483131000
        0.6000115121        0.2084800000       -7.9469526000
        0.6249928049        0.2171600000       -7.9442316000
        0.6500028780        0.2258500000       -7.9415106000
        0.6750129511        0.2345400000       -7.9401501000
        0.6999942439        0.2432200000       -7.9401501000
        0.7250043170        0.2519100000       -7.9401501000
        0.7500143901        0.2606000000       -7.9415106000
        0.7749956830        0.2692800000       -7.9415106000
        0.8000057561        0.2779700000       -7.9415106000
        0.8250158292        0.2866600000       -7.9401501000
        0.8499971220        0.2953400000       -7.9401501000
        0.8750071951        0.3040300000       -7.9401501000
        0.9000172682        0.3127200000       -7.9401501000
        0.9249985610        0.3214000000       -7.9401501000
        0.9500086341        0.3300900000       -7.9401501000
        0.9750187072        0.3387800000       -7.9401501000
        1.0000000000        0.3474600000       -7.9401501000
 
        0.0000000000        0.0000000000       -7.9265451000
        0.0250100731        0.0086900000       -7.9265451000
        0.0499913659        0.0173700000       -7.9265451000
        0.0750014390        0.0260600000       -7.9265451000
        0.1000115121        0.0347500000       -7.9265451000
        0.1249928049        0.0434300000       -7.9265451000
        0.1500028780        0.0521200000       -7.9265451000
        0.1750129511        0.0608100000       -7.9279056000
        0.1999942439        0.0694900000       -7.9279056000
        0.2250043170        0.0781800000       -7.9279056000
        0.2500143901        0.0868700000       -7.9292661000
        0.2749956830        0.0955500000       -7.9292661000
        0.3000057561        0.1042400000       -7.9306266000
        0.3250158292        0.1129300000       -7.9306266000
        0.3499971220        0.1216100000       -7.9319871000
        0.3750071951        0.1303000000       -7.9319871000
        0.4000172682        0.1389900000       -7.9333476000
        0.4249985610        0.1476700000       -7.9333476000
        0.4500086341        0.1563600000       -7.9347081000
        0.4750187072        0.1650500000       -7.9360686000
        0.5000000000        0.1737300000       -7.9360686000
        0.5250100731        0.1824200000       -7.9374291000
        0.5500201462        0.1911100000       -7.9374291000
        0.5750014390        0.1997900000       -7.9387896000
        0.6000115121        0.2084800000       -7.9387896000
        0.6249928049        0.2171600000       -7.9401501000
        0.6500028780        0.2258500000       -7.9401501000
        0.6750129511        0.2345400000       -7.9401501000
        0.6999942439        0.2432200000       -7.9401501000
        0.7250043170        0.2519100000       -7.9401501000
        0.7500143901        0.2606000000       -7.9415106000
        0.7749956830        0.2692800000       -7.9415106000
        0.8000057561        0.2779700000       -7.9415106000
        0.8250158292        0.2866600000       -7.9401501000
        0.8499971220        0.2953400000       -7.9401501000
        0.8750071951        0.3040300000       -7.9401501000
        0.9000172682        0.3127200000       -7.9401501000
        0.9249985610        0.3214000000       -7.9401501000
        0.9500086341        0.3300900000       -7.9401501000
        0.9750187072        0.3387800000       -7.9401501000
        1.0000000000        0.3474600000       -7.9401501000
 
        0.0000000000        0.0000000000       -7.9211031000
        0.0250100731        0.0086900000       -7.9211031000
        0.0499913659        0.0173700000       -7.9211031000
        0.0750014390        0.0260600000       -7.9211031000
        0.1000115121        0.0347500000       -7.9197426000
        0.1249928049        0.0434300000       -7.9197426000
        0.1500028780        0.0521200000       -7.9197426000
        0.1750129511        0.0608100000       -7.9197426000
        0.1999942439        0.0694900000       -7.9183821000
        0.2250043170        0.0781800000       -7.9183821000
        0.2500143901        0.0868700000       -7.9183821000
        0.2749956830        0.0955500000       -7.9183821000
        0.3000057561        0.1042400000       -7.9224636000
        0.3250158292        0.1129300000       -7.9265451000
        0.3499971220        0.1216100000       -7.9319871000
        0.3750071951        0.1303000000       -7.9319871000
        0.4000172682        0.1389900000       -7.9333476000
        0.4249985610        0.1476700000       -7.9333476000
        0.4500086341        0.1563600000       -7.9347081000
        0.4750187072        0.1650500000       -7.9360686000
        0.5000000000        0.1737300000       -7.9360686000
        0.5250100731        0.1824200000       -7.9374291000
        0.5500201462        0.1911100000       -7.9374291000
        0.5750014390        0.1997900000       -7.9387896000
        0.6000115121        0.2084800000       -7.9387896000
        0.6249928049        0.2171600000       -7.9401501000
        0.6500028780        0.2258500000       -7.9401501000
        0.6750129511        0.2345400000       -7.9387896000
        0.6999942439        0.2432200000       -7.9360686000
        0.7250043170        0.2519100000       -7.9333476000
        0.7500143901        0.2606000000       -7.9306266000
        0.7749956830        0.2692800000       -7.9279056000
        0.8000057561        0.2779700000       -7.9251846000
        0.8250158292        0.2866600000       -7.9211031000
        0.8499971220        0.2953400000       -7.9183821000
        0.8750071951        0.3040300000       -7.9156611000
        0.9000172682        0.3127200000       -7.9115796000
        0.9249985610        0.3214000000       -7.9088586000
        0.9500086341        0.3300900000       -7.9047771000
        0.9750187072        0.3387800000       -7.9006956000
        1.0000000000        0.3474600000       -7.8979746000
 
        0.0000000000        0.0000000000       -7.8816486000
        0.0250100731        0.0086900000       -7.8830091000
        0.0499913659        0.0173700000       -7.8830091000
        0.0750014390        0.0260600000       -7.8857301000
        0.1000115121        0.0347500000       -7.8884511000
        0.1249928049        0.0434300000       -7.8911721000
        0.1500028780        0.0521200000       -7.8952536000
        0.1750129511        0.0608100000       -7.8993351000
        0.1999942439        0.0694900000       -7.9034166000
        0.2250043170        0.0781800000       -7.9088586000
        0.2500143901        0.0868700000       -7.9129401000
        0.2749956830        0.0955500000       -7.9170216000
        0.3000057561        0.1042400000       -7.9170216000
        0.3250158292        0.1129300000       -7.9156611000
        0.3499971220        0.1216100000       -7.9156611000
        0.3750071951        0.1303000000       -7.9143006000
        0.4000172682        0.1389900000       -7.9143006000
        0.4249985610        0.1476700000       -7.9129401000
        0.4500086341        0.1563600000       -7.9129401000
        0.4750187072        0.1650500000       -7.9115796000
        0.5000000000        0.1737300000       -7.9115796000
        0.5250100731        0.1824200000       -7.9102191000
        0.5500201462        0.1911100000       -7.9088586000
        0.5750014390        0.1997900000       -7.9088586000
        0.6000115121        0.2084800000       -7.9074981000
        0.6249928049        0.2171600000       -7.9074981000
        0.6500028780        0.2258500000       -7.9061376000
        0.6750129511        0.2345400000       -7.9047771000
        0.6999942439        0.2432200000       -7.9047771000
        0.7250043170        0.2519100000       -7.9034166000
        0.7500143901        0.2606000000       -7.9020561000
        0.7749956830        0.2692800000       -7.9020561000
        0.8000057561        0.2779700000       -7.9006956000
        0.8250158292        0.2866600000       -7.8993351000
        0.8499971220        0.2953400000       -7.8993351000
        0.8750071951        0.3040300000       -7.8979746000
        0.9000172682        0.3127200000       -7.8979746000
        0.9249985610        0.3214000000       -7.8966141000
        0.9500086341        0.3300900000       -7.8966141000
        0.9750187072        0.3387800000       -7.8966141000
        1.0000000000        0.3474600000       -7.8979746000
 
        0.0000000000        0.0000000000       -7.8748461000
        0.0250100731        0.0086900000       -7.8748461000
        0.0499913659        0.0173700000       -7.8748461000
        0.0750014390        0.0260600000       -7.8748461000
        0.1000115121        0.0347500000       -7.8748461000
        0.1249928049        0.0434300000       -7.8748461000
        0.1500028780        0.0521200000       -7.8748461000
        0.1750129511        0.0608100000       -7.8748461000
        0.1999942439        0.0694900000       -7.8748461000
        0.2250043170        0.0781800000       -7.8762066000
        0.2500143901        0.0868700000       -7.8762066000
        0.2749956830        0.0955500000       -7.8762066000
        0.3000057561        0.1042400000       -7.8775671000
        0.3250158292        0.1129300000       -7.8775671000
        0.3499971220        0.1216100000       -7.8789276000
        0.3750071951        0.1303000000       -7.8789276000
        0.4000172682        0.1389900000       -7.8802881000
        0.4249985610        0.1476700000       -7.8802881000
        0.4500086341        0.1563600000       -7.8816486000
        0.4750187072        0.1650500000       -7.8816486000
        0.5000000000        0.1737300000       -7.8830091000
        0.5250100731        0.1824200000       -7.8830091000
        0.5500201462        0.1911100000       -7.8843696000
        0.5750014390        0.1997900000       -7.8857301000
        0.6000115121        0.2084800000       -7.8870906000
        0.6249928049        0.2171600000       -7.8884511000
        0.6500028780        0.2258500000       -7.8884511000
        0.6750129511        0.2345400000       -7.8898116000
        0.6999942439        0.2432200000       -7.8911721000
        0.7250043170        0.2519100000       -7.8911721000
        0.7500143901        0.2606000000       -7.8925326000
        0.7749956830        0.2692800000       -7.8925326000
        0.8000057561        0.2779700000       -7.8938931000
        0.8250158292        0.2866600000       -7.8938931000
        0.8499971220        0.2953400000       -7.8952536000
        0.8750071951        0.3040300000       -7.8952536000
        0.9000172682        0.3127200000       -7.8966141000
        0.9249985610        0.3214000000       -7.8966141000
        0.9500086341        0.3300900000       -7.8966141000
        0.9750187072        0.3387800000       -7.8966141000
        1.0000000000        0.3474600000       -7.8966141000
 
        0.0000000000        0.0000000000       -7.8734856000
        0.0250100731        0.0086900000       -7.8734856000
        0.0499913659        0.0173700000       -7.8734856000
        0.0750014390        0.0260600000       -7.8734856000
        0.1000115121        0.0347500000       -7.8748461000
        0.1249928049        0.0434300000       -7.8748461000
        0.1500028780        0.0521200000       -7.8748461000
        0.1750129511        0.0608100000       -7.8748461000
        0.1999942439        0.0694900000       -7.8748461000
        0.2250043170        0.0781800000       -7.8762066000
        0.2500143901        0.0868700000       -7.8762066000
        0.2749956830        0.0955500000       -7.8762066000
        0.3000057561        0.1042400000       -7.8775671000
        0.3250158292        0.1129300000       -7.8775671000
        0.3499971220        0.1216100000       -7.8789276000
        0.3750071951        0.1303000000       -7.8789276000
        0.4000172682        0.1389900000       -7.8789276000
        0.4249985610        0.1476700000       -7.8802881000
        0.4500086341        0.1563600000       -7.8816486000
        0.4750187072        0.1650500000       -7.8816486000
        0.5000000000        0.1737300000       -7.8830091000
        0.5250100731        0.1824200000       -7.8830091000
        0.5500201462        0.1911100000       -7.8843696000
        0.5750014390        0.1997900000       -7.8857301000
        0.6000115121        0.2084800000       -7.8870906000
        0.6249928049        0.2171600000       -7.8884511000
        0.6500028780        0.2258500000       -7.8884511000
        0.6750129511        0.2345400000       -7.8898116000
        0.6999942439        0.2432200000       -7.8911721000
        0.7250043170        0.2519100000       -7.8911721000
        0.7500143901        0.2606000000       -7.8925326000
        0.7749956830        0.2692800000       -7.8925326000
        0.8000057561        0.2779700000       -7.8938931000
        0.8250158292        0.2866600000       -7.8938931000
        0.8499971220        0.2953400000       -7.8952536000
        0.8750071951        0.3040300000       -7.8952536000
        0.9000172682        0.3127200000       -7.8966141000
        0.9249985610        0.3214000000       -7.8966141000
        0.9500086341        0.3300900000       -7.8966141000
        0.9750187072        0.3387800000       -7.8952536000
        1.0000000000        0.3474600000       -7.8966141000
 
        0.0000000000        0.0000000000       -7.8734856000
        0.0250100731        0.0086900000       -7.8734856000
        0.0499913659        0.0173700000       -7.8734856000
        0.0750014390        0.0260600000       -7.8734856000
        0.1000115121        0.0347500000       -7.8734856000
        0.1249928049        0.0434300000       -7.8748461000
        0.1500028780        0.0521200000       -7.8748461000
        0.1750129511        0.0608100000       -7.8748461000
        0.1999942439        0.0694900000       -7.8748461000
        0.2250043170        0.0781800000       -7.8748461000
        0.2500143901        0.0868700000       -7.8762066000
        0.2749956830        0.0955500000       -7.8762066000
        0.3000057561        0.1042400000       -7.8762066000
        0.3250158292        0.1129300000       -7.8762066000
        0.3499971220        0.1216100000       -7.8762066000
        0.3750071951        0.1303000000       -7.8762066000
        0.4000172682        0.1389900000       -7.8775671000
        0.4249985610        0.1476700000       -7.8775671000
        0.4500086341        0.1563600000       -7.8775671000
        0.4750187072        0.1650500000       -7.8775671000
        0.5000000000        0.1737300000       -7.8789276000
        0.5250100731        0.1824200000       -7.8789276000
        0.5500201462        0.1911100000       -7.8789276000
        0.5750014390        0.1997900000       -7.8789276000
        0.6000115121        0.2084800000       -7.8843696000
        0.6249928049        0.2171600000       -7.8843696000
        0.6500028780        0.2258500000       -7.8857301000
        0.6750129511        0.2345400000       -7.8857301000
        0.6999942439        0.2432200000       -7.8870906000
        0.7250043170        0.2519100000       -7.8870906000
        0.7500143901        0.2606000000       -7.8870906000
        0.7749956830        0.2692800000       -7.8884511000
        0.8000057561        0.2779700000       -7.8884511000
        0.8250158292        0.2866600000       -7.8898116000
        0.8499971220        0.2953400000       -7.8898116000
        0.8750071951        0.3040300000       -7.8911721000
        0.9000172682        0.3127200000       -7.8911721000
        0.9249985610        0.3214000000       -7.8925326000
        0.9500086341        0.3300900000       -7.8925326000
        0.9750187072        0.3387800000       -7.8938931000
        1.0000000000        0.3474600000       -7.8938931000
 
        0.0000000000        0.0000000000       -7.7755296000
        0.0250100731        0.0086900000       -7.7755296000
        0.0499913659        0.0173700000       -7.7755296000
        0.0750014390        0.0260600000       -7.7755296000
        0.1000115121        0.0347500000       -7.7755296000
        0.1249928049        0.0434300000       -7.7755296000
        0.1500028780        0.0521200000       -7.7755296000
        0.1750129511        0.0608100000       -7.7755296000
        0.1999942439        0.0694900000       -7.7755296000
        0.2250043170        0.0781800000       -7.7768901000
        0.2500143901        0.0868700000       -7.7782506000
        0.2749956830        0.0955500000       -7.7796111000
        0.3000057561        0.1042400000       -7.7809716000
        0.3250158292        0.1129300000       -7.7836926000
        0.3499971220        0.1216100000       -7.7864136000
        0.3750071951        0.1303000000       -7.7891346000
        0.4000172682        0.1389900000       -7.7932161000
        0.4249985610        0.1476700000       -7.7972976000
        0.4500086341        0.1563600000       -7.8000186000
        0.4750187072        0.1650500000       -7.8041001000
        0.5000000000        0.1737300000       -7.8095421000
        0.5250100731        0.1824200000       -7.8136236000
        0.5500201462        0.1911100000       -7.8177051000
        0.5750014390        0.1997900000       -7.8231471000
        0.6000115121        0.2084800000       -7.8272286000
        0.6249928049        0.2171600000       -7.8326706000
        0.6500028780        0.2258500000       -7.8367521000
        0.6750129511        0.2345400000       -7.8421941000
        0.6999942439        0.2432200000       -7.8462756000
        0.7250043170        0.2519100000       -7.8517176000
        0.7500143901        0.2606000000       -7.8557991000
        0.7749956830        0.2692800000       -7.8598806000
        0.8000057561        0.2779700000       -7.8653226000
        0.8250158292        0.2866600000       -7.8694041000
        0.8499971220        0.2953400000       -7.8734856000
        0.8750071951        0.3040300000       -7.8775671000
        0.9000172682        0.3127200000       -7.8816486000
        0.9249985610        0.3214000000       -7.8857301000
        0.9500086341        0.3300900000       -7.8898116000
        0.9750187072        0.3387800000       -7.8938931000
        1.0000000000        0.3474600000       -7.8938931000
 
        0.0000000000        0.0000000000       -6.5714871000
        0.0250100731        0.0086900000       -6.5701266000
        0.0499913659        0.0173700000       -6.5646846000
        0.0750014390        0.0260600000       -6.5565216000
        0.1000115121        0.0347500000       -6.5442771000
        0.1249928049        0.0434300000       -6.5279511000
        0.1500028780        0.0521200000       -6.5089041000
        0.1750129511        0.0608100000       -6.4857756000
        0.1999942439        0.0694900000       -6.4599261000
        0.2250043170        0.0781800000       -6.4299951000
        0.2500143901        0.0868700000       -6.3959826000
        0.2749956830        0.0955500000       -6.3606096000
        0.3000057561        0.1042400000       -6.3197946000
        0.3250158292        0.1129300000       -6.2762586000
        0.3499971220        0.1216100000       -6.2300016000
        0.3750071951        0.1303000000       -6.1796631000
        0.4000172682        0.1389900000       -6.1266036000
        0.4249985610        0.1476700000       -6.0708231000
        0.4500086341        0.1563600000       -6.0123216000
        0.4750187072        0.1650500000       -5.9497386000
        0.5000000000        0.1737300000       -5.8844346000
        0.5250100731        0.1824200000       -5.8164096000
        0.5500201462        0.1911100000       -5.7456636000
        0.5750014390        0.1997900000       -5.6721966000
        0.6000115121        0.2084800000       -5.5973691000
        0.6249928049        0.2171600000       -5.5184601000
        0.6500028780        0.2258500000       -5.4381906000
        0.6750129511        0.2345400000       -5.3538396000
        0.6999942439        0.2432200000       -5.2694886000
        0.7250043170        0.2519100000       -5.1810561000
        0.7500143901        0.2606000000       -5.0912631000
        0.7749956830        0.2692800000       -5.0558901000
        0.8000057561        0.2779700000       -5.0341221000
        0.8250158292        0.2866600000       -5.0109936000
        0.8499971220        0.2953400000       -4.9905861000
        0.8750071951        0.3040300000       -4.9701786000
        0.9000172682        0.3127200000       -4.9511316000
        0.9249985610        0.3214000000       -4.9361661000
        0.9500086341        0.3300900000       -4.9239216000
        0.9750187072        0.3387800000       -4.9157586000
        1.0000000000        0.3474600000       -4.9130376000
 
        0.0000000000        0.0000000000       -5.6653941000
        0.0250100731        0.0086900000       -5.6640336000
        0.0499913659        0.0173700000       -5.6572311000
        0.0750014390        0.0260600000       -5.6477076000
        0.1000115121        0.0347500000       -5.6327421000
        0.1249928049        0.0434300000       -5.6150556000
        0.1500028780        0.0521200000       -5.5932876000
        0.1750129511        0.0608100000       -5.5674381000
        0.1999942439        0.0694900000       -5.5375071000
        0.2250043170        0.0781800000       -5.5034946000
        0.2500143901        0.0868700000       -5.4667611000
        0.2749956830        0.0955500000       -5.4259461000
        0.3000057561        0.1042400000       -5.3960151000
        0.3250158292        0.1129300000       -5.3851311000
        0.3499971220        0.1216100000       -5.3728866000
        0.3750071951        0.1303000000       -5.3592816000
        0.4000172682        0.1389900000       -5.3456766000
        0.4249985610        0.1476700000       -5.3320716000
        0.4500086341        0.1563600000       -5.3157456000
        0.4750187072        0.1650500000       -5.2994196000
        0.5000000000        0.1737300000       -5.2830936000
        0.5250100731        0.1824200000       -5.2654071000
        0.5500201462        0.1911100000       -5.2463601000
        0.5750014390        0.1997900000       -5.2273131000
        0.6000115121        0.2084800000       -5.2082661000
        0.6249928049        0.2171600000       -5.1878586000
        0.6500028780        0.2258500000       -5.1674511000
        0.6750129511        0.2345400000       -5.1456831000
        0.6999942439        0.2432200000       -5.1239151000
        0.7250043170        0.2519100000       -5.1007866000
        0.7500143901        0.2606000000       -5.0790186000
        0.7749956830        0.2692800000       -5.0558901000
        0.8000057561        0.2779700000       -5.0341221000
        0.8250158292        0.2866600000       -5.0109936000
        0.8499971220        0.2953400000       -4.9905861000
        0.8750071951        0.3040300000       -4.9701786000
        0.9000172682        0.3127200000       -4.9511316000
        0.9249985610        0.3214000000       -4.9361661000
        0.9500086341        0.3300900000       -4.9239216000
        0.9750187072        0.3387800000       -4.9157586000
        1.0000000000        0.3474600000       -4.9130376000
 
        0.0000000000        0.0000000000       -5.4626796000
        0.0250100731        0.0086900000       -5.4613191000
        0.0499913659        0.0173700000       -5.4599586000
        0.0750014390        0.0260600000       -5.4585981000
        0.1000115121        0.0347500000       -5.4545166000
        0.1249928049        0.0434300000       -5.4504351000
        0.1500028780        0.0521200000       -5.4449931000
        0.1750129511        0.0608100000       -5.4395511000
        0.1999942439        0.0694900000       -5.4327486000
        0.2250043170        0.0781800000       -5.4245856000
        0.2500143901        0.0868700000       -5.4164226000
        0.2749956830        0.0955500000       -5.4068991000
        0.3000057561        0.1042400000       -5.3960151000
        0.3250158292        0.1129300000       -5.3851311000
        0.3499971220        0.1216100000       -5.3728866000
        0.3750071951        0.1303000000       -5.3592816000
        0.4000172682        0.1389900000       -5.3456766000
        0.4249985610        0.1476700000       -5.3320716000
        0.4500086341        0.1563600000       -5.3157456000
        0.4750187072        0.1650500000       -5.2994196000
        0.5000000000        0.1737300000       -5.2830936000
        0.5250100731        0.1824200000       -5.2654071000
        0.5500201462        0.1911100000       -5.2463601000
        0.5750014390        0.1997900000       -5.2273131000
        0.6000115121        0.2084800000       -5.2082661000
        0.6249928049        0.2171600000       -5.1878586000
        0.6500028780        0.2258500000       -5.1674511000
        0.6750129511        0.2345400000       -5.1456831000
        0.6999942439        0.2432200000       -5.1239151000
        0.7250043170        0.2519100000       -5.1007866000
        0.7500143901        0.2606000000       -5.0790186000
        0.7749956830        0.2692800000       -5.0001096000
        0.8000057561        0.2779700000       -4.9062351000
        0.8250158292        0.2866600000       -4.8096396000
        0.8499971220        0.2953400000       -4.7130441000
        0.8750071951        0.3040300000       -4.6137276000
        0.9000172682        0.3127200000       -4.5116901000
        0.9249985610        0.3214000000       -4.5089691000
        0.9500086341        0.3300900000       -4.5239346000
        0.9750187072        0.3387800000       -4.5334581000
        1.0000000000        0.3474600000       -4.5375396000
 
        0.0000000000        0.0000000000       -5.4626796000
        0.0250100731        0.0086900000       -5.4613191000
        0.0499913659        0.0173700000       -5.4599586000
        0.0750014390        0.0260600000       -5.4585981000
        0.1000115121        0.0347500000       -5.4545166000
        0.1249928049        0.0434300000       -5.4504351000
        0.1500028780        0.0521200000       -5.4449931000
        0.1750129511        0.0608100000       -5.4395511000
        0.1999942439        0.0694900000       -5.4327486000
        0.2250043170        0.0781800000       -5.4245856000
        0.2500143901        0.0868700000       -5.4164226000
        0.2749956830        0.0955500000       -5.4068991000
        0.3000057561        0.1042400000       -5.3824101000
        0.3250158292        0.1129300000       -5.3347926000
        0.3499971220        0.1216100000       -5.2844541000
        0.3750071951        0.1303000000       -5.2313946000
        0.4000172682        0.1389900000       -5.1742536000
        0.4249985610        0.1476700000       -5.1157521000
        0.4500086341        0.1563600000       -5.0531691000
        0.4750187072        0.1650500000       -4.9878651000
        0.5000000000        0.1737300000       -4.9198401000
        0.5250100731        0.1824200000       -4.8504546000
        0.5500201462        0.1911100000       -4.7769876000
        0.5750014390        0.1997900000       -4.7021601000
        0.6000115121        0.2084800000       -4.6246116000
        0.6249928049        0.2171600000       -4.5443421000
        0.6500028780        0.2258500000       -4.4627121000
        0.6750129511        0.2345400000       -4.3797216000
        0.6999942439        0.2432200000       -4.2940101000
        0.7250043170        0.2519100000       -4.2763236000
        0.7500143901        0.2606000000       -4.3103361000
        0.7749956830        0.2692800000       -4.3443486000
        0.8000057561        0.2779700000       -4.3770006000
        0.8250158292        0.2866600000       -4.4082921000
        0.8499971220        0.2953400000       -4.4382231000
        0.8750071951        0.3040300000       -4.4654331000
        0.9000172682        0.3127200000       -4.4885616000
        0.9249985610        0.3214000000       -4.5089691000
        0.9500086341        0.3300900000       -4.5239346000
        0.9750187072        0.3387800000       -4.5334581000
        1.0000000000        0.3474600000       -4.5375396000
 
        0.0000000000        0.0000000000       -3.4573026000
        0.0250100731        0.0086900000       -3.4586631000
        0.0499913659        0.0173700000       -3.4641051000
        0.0750014390        0.0260600000       -3.4722681000
        0.1000115121        0.0347500000       -3.4831521000
        0.1249928049        0.0434300000       -3.4967571000
        0.1500028780        0.0521200000       -3.5130831000
        0.1750129511        0.0608100000       -3.5334906000
        0.1999942439        0.0694900000       -3.5552586000
        0.2250043170        0.0781800000       -3.5783871000
        0.2500143901        0.0868700000       -3.6055971000
        0.2749956830        0.0955500000       -3.6328071000
        0.3000057561        0.1042400000       -3.6627381000
        0.3250158292        0.1129300000       -3.6940296000
        0.3499971220        0.1216100000       -3.7266816000
        0.3750071951        0.1303000000       -3.7606941000
        0.4000172682        0.1389900000       -3.7947066000
        0.4249985610        0.1476700000       -3.8314401000
        0.4500086341        0.1563600000       -3.8668131000
        0.4750187072        0.1650500000       -3.9035466000
        0.5000000000        0.1737300000       -3.9416406000
        0.5250100731        0.1824200000       -3.9783741000
        0.5500201462        0.1911100000       -4.0164681000
        0.5750014390        0.1997900000       -4.0545621000
        0.6000115121        0.2084800000       -4.0912956000
        0.6249928049        0.2171600000       -4.1293896000
        0.6500028780        0.2258500000       -4.1661231000
        0.6750129511        0.2345400000       -4.2042171000
        0.6999942439        0.2432200000       -4.2395901000
        0.7250043170        0.2519100000       -4.2763236000
        0.7500143901        0.2606000000       -4.3103361000
        0.7749956830        0.2692800000       -4.3443486000
        0.8000057561        0.2779700000       -4.3770006000
        0.8250158292        0.2866600000       -4.4082921000
        0.8499971220        0.2953400000       -4.4382231000
        0.8750071951        0.3040300000       -4.4654331000
        0.9000172682        0.3127200000       -4.4885616000
        0.9249985610        0.3214000000       -4.4096526000
        0.9500086341        0.3300900000       -4.3048941000
        0.9750187072        0.3387800000       -4.2001356000
        1.0000000000        0.3474600000       -4.0926561000
 
        0.0000000000        0.0000000000       -3.4573026000
        0.0250100731        0.0086900000       -3.4586631000
        0.0499913659        0.0173700000       -3.4641051000
        0.0750014390        0.0260600000       -3.4722681000
        0.1000115121        0.0347500000       -3.4831521000
        0.1249928049        0.0434300000       -3.4967571000
        0.1500028780        0.0521200000       -3.5130831000
        0.1750129511        0.0608100000       -3.5334906000
        0.1999942439        0.0694900000       -3.5552586000
        0.2250043170        0.0781800000       -3.5783871000
        0.2500143901        0.0868700000       -3.6055971000
        0.2749956830        0.0955500000       -3.6328071000
        0.3000057561        0.1042400000       -3.6627381000
        0.3250158292        0.1129300000       -3.6940296000
        0.3499971220        0.1216100000       -3.7266816000
        0.3750071951        0.1303000000       -3.7606941000
        0.4000172682        0.1389900000       -3.7947066000
        0.4249985610        0.1476700000       -3.8314401000
        0.4500086341        0.1563600000       -3.8668131000
        0.4750187072        0.1650500000       -3.9035466000
        0.5000000000        0.1737300000       -3.9416406000
        0.5250100731        0.1824200000       -3.9783741000
        0.5500201462        0.1911100000       -4.0164681000
        0.5750014390        0.1997900000       -4.0545621000
        0.6000115121        0.2084800000       -4.0912956000
        0.6249928049        0.2171600000       -4.1293896000
        0.6500028780        0.2258500000       -4.1661231000
        0.6750129511        0.2345400000       -4.2042171000
        0.6999942439        0.2432200000       -4.2395901000
        0.7250043170        0.2519100000       -4.2055776000
        0.7500143901        0.2606000000       -4.1157846000
        0.7749956830        0.2692800000       -4.0246311000
        0.8000057561        0.2779700000       -3.9321171000
        0.8250158292        0.2866600000       -3.8382426000
        0.8499971220        0.2953400000       -3.7416471000
        0.8750071951        0.3040300000       -3.6450516000
        0.9000172682        0.3127200000       -3.6545751000
        0.9249985610        0.3214000000       -3.7647756000
        0.9500086341        0.3300900000       -3.8763366000
        0.9750187072        0.3387800000       -3.9851766000
        1.0000000000        0.3474600000       -4.0926561000
 
        0.0000000000        0.0000000000       -1.5158691000
        0.0250100731        0.0086900000       -1.5145086000
        0.0499913659        0.0173700000       -1.5104271000
        0.0750014390        0.0260600000       -1.5036246000
        0.1000115121        0.0347500000       -1.4941011000
        0.1249928049        0.0434300000       -1.4832171000
        0.1500028780        0.0521200000       -1.4682516000
        0.1750129511        0.0608100000       -1.4519256000
        0.1999942439        0.0694900000       -1.4342391000
        0.2250043170        0.0781800000       -1.4151921000
        0.2500143901        0.0868700000       -1.3934241000
        0.2749956830        0.0955500000       -1.3716561000
        0.3000057561        0.1042400000       -1.3471671000
        0.3250158292        0.1129300000       -1.3240386000
        0.3499971220        0.1216100000       -1.2981891000
        0.3750071951        0.1303000000       -1.3498881000
        0.4000172682        0.1389900000       -1.4451231000
        0.4249985610        0.1476700000       -1.5430791000
        0.4500086341        0.1563600000       -1.6437561000
        0.4750187072        0.1650500000       -1.7471541000
        0.5000000000        0.1737300000       -1.8519126000
        0.5250100731        0.1824200000       -1.9593921000
        0.5500201462        0.1911100000       -2.0682321000
        0.5750014390        0.1997900000       -2.1784326000
        0.6000115121        0.2084800000       -2.2913541000
        0.6249928049        0.2171600000       -2.4042756000
        0.6500028780        0.2258500000       -2.5171971000
        0.6750129511        0.2345400000       -2.6301186000
        0.6999942439        0.2432200000       -2.7444006000
        0.7250043170        0.2519100000       -2.8586826000
        0.7500143901        0.2606000000       -2.9729646000
        0.7749956830        0.2692800000       -3.0886071000
        0.8000057561        0.2779700000       -3.2015286000
        0.8250158292        0.2866600000       -3.3158106000
        0.8499971220        0.2953400000       -3.4287321000
        0.8750071951        0.3040300000       -3.5416536000
        0.9000172682        0.3127200000       -3.5470956000
        0.9249985610        0.3214000000       -3.4477791000
        0.9500086341        0.3300900000       -3.3471021000
        0.9750187072        0.3387800000       -3.2450646000
        1.0000000000        0.3474600000       -3.1430271000
 
        0.0000000000        0.0000000000       -1.5158691000
        0.0250100731        0.0086900000       -1.5145086000
        0.0499913659        0.0173700000       -1.5104271000
        0.0750014390        0.0260600000       -1.5036246000
        0.1000115121        0.0347500000       -1.4941011000
        0.1249928049        0.0434300000       -1.4832171000
        0.1500028780        0.0521200000       -1.4682516000
        0.1750129511        0.0608100000       -1.4519256000
        0.1999942439        0.0694900000       -1.4342391000
        0.2250043170        0.0781800000       -1.4151921000
        0.2500143901        0.0868700000       -1.3934241000
        0.2749956830        0.0955500000       -1.3716561000
        0.3000057561        0.1042400000       -1.3471671000
        0.3250158292        0.1129300000       -1.3240386000
        0.3499971220        0.1216100000       -1.2981891000
        0.3750071951        0.1303000000       -1.2723396000
        0.4000172682        0.1389900000       -1.2464901000
        0.4249985610        0.1476700000       -1.2206406000
        0.4500086341        0.1563600000       -1.1947911000
        0.4750187072        0.1650500000       -1.1689416000
        0.5000000000        0.1737300000       -1.1498946000
        0.5250100731        0.1824200000       -1.2356061000
        0.5500201462        0.1911100000       -1.3253991000
        0.5750014390        0.1997900000       -1.4165526000
        0.6000115121        0.2084800000       -1.5117876000
        0.6249928049        0.2171600000       -1.6070226000
        0.6500028780        0.2258500000       -1.7049786000
        0.6750129511        0.2345400000       -1.8029346000
        0.6999942439        0.2432200000       -1.9036116000
        0.7250043170        0.2519100000       -2.0042886000
        0.7500143901        0.2606000000       -2.1063261000
        0.7749956830        0.2692800000       -2.2097241000
        0.8000057561        0.2779700000       -2.3131221000
        0.8250158292        0.2866600000       -2.4165201000
        0.8499971220        0.2953400000       -2.5212786000
        0.8750071951        0.3040300000       -2.6246766000
        0.9000172682        0.3127200000       -2.7294351000
        0.9249985610        0.3214000000       -2.8341936000
        0.9500086341        0.3300900000       -2.9375916000
        0.9750187072        0.3387800000       -3.0409896000
        1.0000000000        0.3474600000       -3.1430271000
 
        0.0000000000        0.0000000000       -0.5213436000
        0.0250100731        0.0086900000       -0.5267856000
        0.0499913659        0.0173700000       -0.5403906000
        0.0750014390        0.0260600000       -0.5635191000
        0.1000115121        0.0347500000       -0.5948106000
        0.1249928049        0.0434300000       -0.6342651000
        0.1500028780        0.0521200000       -0.6818826000
        0.1750129511        0.0608100000       -0.7349421000
        0.1999942439        0.0694900000       -0.7948041000
        0.2250043170        0.0781800000       -0.8601081000
        0.2500143901        0.0868700000       -0.9294936000
        0.2749956830        0.0955500000       -1.0056816000
        0.3000057561        0.1042400000       -1.0859511000
        0.3250158292        0.1129300000       -1.1703021000
        0.3499971220        0.1216100000       -1.2587346000
        0.3750071951        0.1303000000       -1.2723396000
        0.4000172682        0.1389900000       -1.2464901000
        0.4249985610        0.1476700000       -1.2206406000
        0.4500086341        0.1563600000       -1.1947911000
        0.4750187072        0.1650500000       -1.1689416000
        0.5000000000        0.1737300000       -1.1430921000
        0.5250100731        0.1824200000       -1.1172426000
        0.5500201462        0.1911100000       -1.0927536000
        0.5750014390        0.1997900000       -1.0682646000
        0.6000115121        0.2084800000       -1.0464966000
        0.6249928049        0.2171600000       -1.0233681000
        0.6500028780        0.2258500000       -1.0029606000
        0.6750129511        0.2345400000       -0.9825531000
        0.6999942439        0.2432200000       -0.9635061000
        0.7250043170        0.2519100000       -0.9444591000
        0.7500143901        0.2606000000       -0.9281331000
        0.7749956830        0.2692800000       -0.9131676000
        0.8000057561        0.2779700000       -0.8995626000
        0.8250158292        0.2866600000       -0.8873181000
        0.8499971220        0.2953400000       -0.8764341000
        0.8750071951        0.3040300000       -0.8669106000
        0.9000172682        0.3127200000       -0.8601081000
        0.9249985610        0.3214000000       -0.8546661000
        0.9500086341        0.3300900000       -0.8492241000
        0.9750187072        0.3387800000       -0.8478636000
        1.0000000000        0.3474600000       -0.8465031000
 
        0.0000000000        0.0000000000       -0.2846166000
        0.0250100731        0.0086900000       -0.2859771000
        0.0499913659        0.0173700000       -0.2914191000
        0.0750014390        0.0260600000       -0.2995821000
        0.1000115121        0.0347500000       -0.3131871000
        0.1249928049        0.0434300000       -0.3295131000
        0.1500028780        0.0521200000       -0.3512811000
        0.1750129511        0.0608100000       -0.3784911000
        0.1999942439        0.0694900000       -0.4097826000
        0.2250043170        0.0781800000       -0.4465161000
        0.2500143901        0.0868700000       -0.4886916000
        0.2749956830        0.0955500000       -0.5363091000
        0.3000057561        0.1042400000       -0.5880081000
        0.3250158292        0.1129300000       -0.6437886000
        0.3499971220        0.1216100000       -0.7050111000
        0.3750071951        0.1303000000       -0.7703151000
        0.4000172682        0.1389900000       -0.8397006000
        0.4249985610        0.1476700000       -0.9131676000
        0.4500086341        0.1563600000       -0.9907161000
        0.4750187072        0.1650500000       -1.0669041000
        0.5000000000        0.1737300000       -1.1430921000
        0.5250100731        0.1824200000       -1.1172426000
        0.5500201462        0.1911100000       -1.0927536000
        0.5750014390        0.1997900000       -1.0682646000
        0.6000115121        0.2084800000       -1.0464966000
        0.6249928049        0.2171600000       -1.0233681000
        0.6500028780        0.2258500000       -1.0029606000
        0.6750129511        0.2345400000       -0.9825531000
        0.6999942439        0.2432200000       -0.9635061000
        0.7250043170        0.2519100000       -0.9444591000
        0.7500143901        0.2606000000       -0.9281331000
        0.7749956830        0.2692800000       -0.9131676000
        0.8000057561        0.2779700000       -0.8995626000
        0.8250158292        0.2866600000       -0.8873181000
        0.8499971220        0.2953400000       -0.8764341000
        0.8750071951        0.3040300000       -0.8669106000
        0.9000172682        0.3127200000       -0.8601081000
        0.9249985610        0.3214000000       -0.8546661000
        0.9500086341        0.3300900000       -0.8492241000
        0.9750187072        0.3387800000       -0.8478636000
        1.0000000000        0.3474600000       -0.8465031000
 
        0.0000000000        0.0000000000       -0.2383596000
        0.0250100731        0.0086900000       -0.2383596000
        0.0499913659        0.0173700000       -0.2383596000
        0.0750014390        0.0260600000       -0.2369991000
        0.1000115121        0.0347500000       -0.2369991000
        0.1249928049        0.0434300000       -0.2356386000
        0.1500028780        0.0521200000       -0.2342781000
        0.1750129511        0.0608100000       -0.2315571000
        0.1999942439        0.0694900000       -0.2301966000
        0.2250043170        0.0781800000       -0.2274756000
        0.2500143901        0.0868700000       -0.2261151000
        0.2749956830        0.0955500000       -0.2233941000
        0.3000057561        0.1042400000       -0.2206731000
        0.3250158292        0.1129300000       -0.2179521000
        0.3499971220        0.1216100000       -0.2138706000
        0.3750071951        0.1303000000       -0.2111496000
        0.4000172682        0.1389900000       -0.2084286000
        0.4249985610        0.1476700000       -0.2043471000
        0.4500086341        0.1563600000       -0.2016261000
        0.4750187072        0.1650500000       -0.1975446000
        0.5000000000        0.1737300000       -0.1948236000
        0.5250100731        0.1824200000       -0.1907421000
        0.5500201462        0.1911100000       -0.1880211000
        0.5750014390        0.1997900000       -0.1839396000
        0.6000115121        0.2084800000       -0.1825791000
        0.6249928049        0.2171600000       -0.1798581000
        0.6500028780        0.2258500000       -0.1771371000
        0.6750129511        0.2345400000       -0.1744161000
        0.6999942439        0.2432200000       -0.1716951000
        0.7250043170        0.2519100000       -0.1689741000
        0.7500143901        0.2606000000       -0.1662531000
        0.7749956830        0.2692800000       -0.1648926000
        0.8000057561        0.2779700000       -0.1621716000
        0.8250158292        0.2866600000       -0.1608111000
        0.8499971220        0.2953400000       -0.1594506000
        0.8750071951        0.3040300000       -0.1580901000
        0.9000172682        0.3127200000       -0.1567296000
        0.9249985610        0.3214000000       -0.1553691000
        0.9500086341        0.3300900000       -0.1553691000
        0.9750187072        0.3387800000       -0.1553691000
        1.0000000000        0.3474600000       -0.1553691000
 
        0.0000000000        0.0000000000       -0.2383596000
        0.0250100731        0.0086900000       -0.2383596000
        0.0499913659        0.0173700000       -0.2383596000
        0.0750014390        0.0260600000       -0.2369991000
        0.1000115121        0.0347500000       -0.2369991000
        0.1249928049        0.0434300000       -0.2356386000
        0.1500028780        0.0521200000       -0.2342781000
        0.1750129511        0.0608100000       -0.2315571000
        0.1999942439        0.0694900000       -0.2301966000
        0.2250043170        0.0781800000       -0.2274756000
        0.2500143901        0.0868700000       -0.2261151000
        0.2749956830        0.0955500000       -0.2233941000
        0.3000057561        0.1042400000       -0.2206731000
        0.3250158292        0.1129300000       -0.2179521000
        0.3499971220        0.1216100000       -0.2138706000
        0.3750071951        0.1303000000       -0.2111496000
        0.4000172682        0.1389900000       -0.2084286000
        0.4249985610        0.1476700000       -0.2043471000
        0.4500086341        0.1563600000       -0.2016261000
        0.4750187072        0.1650500000       -0.1975446000
        0.5000000000        0.1737300000       -0.1948236000
        0.5250100731        0.1824200000       -0.1907421000
        0.5500201462        0.1911100000       -0.1880211000
        0.5750014390        0.1997900000       -0.1839396000
        0.6000115121        0.2084800000       -0.1825791000
        0.6249928049        0.2171600000       -0.1798581000
        0.6500028780        0.2258500000       -0.1771371000
        0.6750129511        0.2345400000       -0.1744161000
        0.6999942439        0.2432200000       -0.1716951000
        0.7250043170        0.2519100000       -0.1689741000
        0.7500143901        0.2606000000       -0.1662531000
        0.7749956830        0.2692800000       -0.1648926000
        0.8000057561        0.2779700000       -0.1621716000
        0.8250158292        0.2866600000       -0.1608111000
        0.8499971220        0.2953400000       -0.1594506000
        0.8750071951        0.3040300000       -0.1580901000
        0.9000172682        0.3127200000       -0.1567296000
        0.9249985610        0.3214000000       -0.1553691000
        0.9500086341        0.3300900000       -0.1553691000
        0.9750187072        0.3387800000       -0.1553691000
        1.0000000000        0.3474600000       -0.1553691000
 
        0.0000000000        0.0000000000        7.2892869000
        0.0250100731        0.0086900000        7.2892869000
        0.0499913659        0.0173700000        7.2920079000
        0.0750014390        0.0260600000        7.2974499000
        0.1000115121        0.0347500000        7.3042524000
        0.1249928049        0.0434300000        7.3124154000
        0.1500028780        0.0521200000        7.3219389000
        0.1750129511        0.0608100000        7.3341834000
        0.1999942439        0.0694900000        7.3477884000
        0.2250043170        0.0781800000        7.3641144000
        0.2500143901        0.0868700000        7.3818009000
        0.2749956830        0.0955500000        7.4022084000
        0.3000057561        0.1042400000        7.4239764000
        0.3250158292        0.1129300000        7.4471049000
        0.3499971220        0.1216100000        7.4743149000
        0.3750071951        0.1303000000        7.5015249000
        0.4000172682        0.1389900000        7.5314559000
        0.4249985610        0.1476700000        7.5641079000
        0.4500086341        0.1563600000        7.5981204000
        0.4750187072        0.1650500000        7.6539009000
        0.5000000000        0.1737300000        7.6919949000
        0.5250100731        0.1824200000        7.7314494000
        0.5500201462        0.1911100000        7.7736249000
        0.5750014390        0.1997900000        7.8158004000
        0.6000115121        0.2084800000        7.8606969000
        0.6249928049        0.2171600000        7.9055934000
        0.6500028780        0.2258500000        7.9518504000
        0.6750129511        0.2345400000        7.9981074000
        0.6999942439        0.2432200000        8.0457249000
        0.7250043170        0.2519100000        8.0933424000
        0.7500143901        0.2606000000        8.1423204000
        0.7749956830        0.2692800000        8.1912984000
        0.8000057561        0.2779700000        8.2389159000
        0.8250158292        0.2866600000        8.2865334000
        0.8499971220        0.2953400000        8.3341509000
        0.8750071951        0.3040300000        8.3804079000
        0.9000172682        0.3127200000        8.4253044000
        0.9249985610        0.3214000000        8.4688404000
        0.9500086341        0.3300900000        8.5110159000
        0.9750187072        0.3387800000        8.5518309000
        1.0000000000        0.3474600000        8.5899249000
 
        0.0000000000        0.0000000000        7.7681829000
        0.0250100731        0.0086900000        7.7695434000
        0.0499913659        0.0173700000        7.7709039000
        0.0750014390        0.0260600000        7.7736249000
        0.1000115121        0.0347500000        7.7777064000
        0.1249928049        0.0434300000        7.7831484000
        0.1500028780        0.0521200000        7.7899509000
        0.1750129511        0.0608100000        7.7967534000
        0.1999942439        0.0694900000        7.8062769000
        0.2250043170        0.0781800000        7.8158004000
        0.2500143901        0.0868700000        7.8266844000
        0.2749956830        0.0955500000        7.8389289000
        0.3000057561        0.1042400000        7.8525339000
        0.3250158292        0.1129300000        7.8661389000
        0.3499971220        0.1216100000        7.8811044000
        0.3750071951        0.1303000000        7.8974304000
        0.4000172682        0.1389900000        7.9151169000
        0.4249985610        0.1476700000        7.9341639000
        0.4500086341        0.1563600000        7.9532109000
        0.4750187072        0.1650500000        7.9736184000
        0.5000000000        0.1737300000        7.9953864000
        0.5250100731        0.1824200000        8.0185149000
        0.5500201462        0.1911100000        8.0416434000
        0.5750014390        0.1997900000        8.0661324000
        0.6000115121        0.2084800000        8.0906214000
        0.6249928049        0.2171600000        8.1164709000
        0.6500028780        0.2258500000        8.1436809000
        0.6750129511        0.2345400000        8.1722514000
        0.6999942439        0.2432200000        8.1994614000
        0.7250043170        0.2519100000        8.2293924000
        0.7500143901        0.2606000000        8.2593234000
        0.7749956830        0.2692800000        8.2906149000
        0.8000057561        0.2779700000        8.3219064000
        0.8250158292        0.2866600000        8.3545584000
        0.8499971220        0.2953400000        8.3872104000
        0.8750071951        0.3040300000        8.4198624000
        0.9000172682        0.3127200000        8.4538749000
        0.9249985610        0.3214000000        8.4892479000
        0.9500086341        0.3300900000        8.5232604000
        0.9750187072        0.3387800000        8.5586334000
        1.0000000000        0.3474600000        8.5899249000
 
        0.0000000000        0.0000000000        8.5477494000
        0.0250100731        0.0086900000        8.5491099000
        0.0499913659        0.0173700000        8.5518309000
        0.0750014390        0.0260600000        8.5559124000
        0.1000115121        0.0347500000        8.5613544000
        0.1249928049        0.0434300000        8.5681569000
        0.1500028780        0.0521200000        8.5776804000
        0.1750129511        0.0608100000        8.5872039000
        0.1999942439        0.0694900000        8.5967274000
        0.2250043170        0.0781800000        8.6089719000
        0.2500143901        0.0868700000        8.6212164000
        0.2749956830        0.0955500000        8.6334609000
        0.3000057561        0.1042400000        8.6470659000
        0.3250158292        0.1129300000        8.6606709000
        0.3499971220        0.1216100000        8.6742759000
        0.3750071951        0.1303000000        8.6892414000
        0.4000172682        0.1389900000        8.7042069000
        0.4249985610        0.1476700000        8.7191724000
        0.4500086341        0.1563600000        8.7341379000
        0.4750187072        0.1650500000        8.7504639000
        0.5000000000        0.1737300000        8.7654294000
        0.5250100731        0.1824200000        8.7790344000
        0.5500201462        0.1911100000        8.7912789000
        0.5750014390        0.1997900000        8.8035234000
        0.6000115121        0.2084800000        8.8130469000
        0.6249928049        0.2171600000        8.8198494000
        0.6500028780        0.2258500000        8.8266519000
        0.6750129511        0.2345400000        8.8293729000
        0.6999942439        0.2432200000        8.8293729000
        0.7250043170        0.2519100000        8.8266519000
        0.7500143901        0.2606000000        8.8212099000
        0.7749956830        0.2692800000        8.8116864000
        0.8000057561        0.2779700000        8.7994419000
        0.8250158292        0.2866600000        8.7844764000
        0.8499971220        0.2953400000        8.7654294000
        0.8750071951        0.3040300000        8.7436614000
        0.9000172682        0.3127200000        8.7191724000
        0.9249985610        0.3214000000        8.6906019000
        0.9500086341        0.3300900000        8.6593104000
        0.9750187072        0.3387800000        8.6252979000
        1.0000000000        0.3474600000        8.5953669000
 
        0.0000000000        0.0000000000        9.1422879000
        0.0250100731        0.0086900000        9.1436484000
        0.0499913659        0.0173700000        9.1490904000
        0.0750014390        0.0260600000        9.1558929000
        0.1000115121        0.0347500000        9.1667769000
        0.1249928049        0.0434300000        9.1817424000
        0.1500028780        0.0521200000        9.1994289000
        0.1750129511        0.0608100000        9.2198364000
        0.1999942439        0.0694900000        9.2429649000
        0.2250043170        0.0781800000        9.2701749000
        0.2500143901        0.0868700000        9.3014664000
        0.2749956830        0.0955500000        9.3341184000
        0.3000057561        0.1042400000        9.3708519000
        0.3250158292        0.1129300000        9.4089459000
        0.3499971220        0.1216100000        9.4497609000
        0.3750071951        0.1303000000        9.4660869000
        0.4000172682        0.1389900000        9.4388769000
        0.4249985610        0.1476700000        9.4116669000
        0.4500086341        0.1563600000        9.3817359000
        0.4750187072        0.1650500000        9.3518049000
        0.5000000000        0.1737300000        9.3205134000
        0.5250100731        0.1824200000        9.2878614000
        0.5500201462        0.1911100000        9.2538489000
        0.5750014390        0.1997900000        9.2198364000
        0.6000115121        0.2084800000        9.1858239000
        0.6249928049        0.2171600000        9.1504509000
        0.6500028780        0.2258500000        9.1137174000
        0.6750129511        0.2345400000        9.0783444000
        0.6999942439        0.2432200000        9.0416109000
        0.7250043170        0.2519100000        9.0048774000
        0.7500143901        0.2606000000        8.9667834000
        0.7749956830        0.2692800000        8.9300499000
        0.8000057561        0.2779700000        8.8919559000
        0.8250158292        0.2866600000        8.8538619000
        0.8499971220        0.2953400000        8.8171284000
        0.8750071951        0.3040300000        8.7790344000
        0.9000172682        0.3127200000        8.7423009000
        0.9249985610        0.3214000000        8.7055674000
        0.9500086341        0.3300900000        8.6674734000
        0.9750187072        0.3387800000        8.6321004000
        1.0000000000        0.3474600000        8.5953669000
 
        0.0000000000        0.0000000000        9.6769644000
        0.0250100731        0.0086900000        9.6756039000
        0.0499913659        0.0173700000        9.6728829000
        0.0750014390        0.0260600000        9.6674409000
        0.1000115121        0.0347500000        9.6606384000
        0.1249928049        0.0434300000        9.6524754000
        0.1500028780        0.0521200000        9.6415914000
        0.1750129511        0.0608100000        9.6279864000
        0.1999942439        0.0694900000        9.6143814000
        0.2250043170        0.0781800000        9.5980554000
        0.2500143901        0.0868700000        9.5803689000
        0.2749956830        0.0955500000        9.5599614000
        0.3000057561        0.1042400000        9.5395539000
        0.3250158292        0.1129300000        9.5164254000
        0.3499971220        0.1216100000        9.4919364000
        0.3750071951        0.1303000000        9.4932969000
        0.4000172682        0.1389900000        9.5381934000
        0.4249985610        0.1476700000        9.5844504000
        0.4500086341        0.1563600000        9.6334284000
        0.4750187072        0.1650500000        9.6851274000
        0.5000000000        0.1737300000        9.7368264000
        0.5250100731        0.1824200000        9.7885254000
        0.5500201462        0.1911100000        9.8429454000
        0.5750014390        0.1997900000        9.8987259000
        0.6000115121        0.2084800000        9.9545064000
        0.6249928049        0.2171600000       10.0143684000
        0.6500028780        0.2258500000       10.0755909000
        0.6750129511        0.2345400000       10.1381739000
        0.6999942439        0.2432200000       10.2034779000
        0.7250043170        0.2519100000       10.2715029000
        0.7500143901        0.2606000000       10.3408884000
        0.7749956830        0.2692800000       10.4129949000
        0.8000057561        0.2779700000       10.4878224000
        0.8250158292        0.2866600000       10.5653709000
        0.8499971220        0.2953400000       10.6456404000
        0.8750071951        0.3040300000       10.7286309000
        0.9000172682        0.3127200000       10.8129819000
        0.9249985610        0.3214000000       10.9014144000
        0.9500086341        0.3300900000       10.9912074000
        0.9750187072        0.3387800000       11.0837214000
        1.0000000000        0.3474600000       11.1789564000
 
        0.0000000000        0.0000000000       11.0075334000
        0.0250100731        0.0086900000       11.0116149000
        0.0499913659        0.0173700000       11.0197779000
        0.0750014390        0.0260600000       11.0347434000
        0.1000115121        0.0347500000       11.0565114000
        0.1249928049        0.0434300000       11.0837214000
        0.1500028780        0.0521200000       11.1163734000
        0.1750129511        0.0608100000       11.1544674000
        0.1999942439        0.0694900000       11.1966429000
        0.2250043170        0.0781800000       11.2456209000
        0.2500143901        0.0868700000       11.2986804000
        0.2749956830        0.0955500000       11.3558214000
        0.3000057561        0.1042400000       11.4170439000
        0.3250158292        0.1129300000       11.4823479000
        0.3499971220        0.1216100000       11.5517334000
        0.3750071951        0.1303000000       11.6238399000
        0.4000172682        0.1389900000       11.7000279000
        0.4249985610        0.1476700000       11.7789369000
        0.4500086341        0.1563600000       11.8592064000
        0.4750187072        0.1650500000       11.9612439000
        0.5000000000        0.1737300000       12.0469554000
        0.5250100731        0.1824200000       12.1340274000
        0.5500201462        0.1911100000       12.2224599000
        0.5750014390        0.1997900000       12.3122529000
        0.6000115121        0.2084800000       12.4034064000
        0.6249928049        0.2171600000       12.4959204000
        0.6500028780        0.2258500000       12.5884344000
        0.6750129511        0.2345400000       12.6197259000
        0.6999942439        0.2432200000       12.4904784000
        0.7250043170        0.2519100000       12.3693939000
        0.7500143901        0.2606000000       12.2510304000
        0.7749956830        0.2692800000       12.1340274000
        0.8000057561        0.2779700000       12.0197454000
        0.8250158292        0.2866600000       11.9068239000
        0.8499971220        0.2953400000       11.7966234000
        0.8750071951        0.3040300000       11.6877834000
        0.9000172682        0.3127200000       11.5816644000
        0.9249985610        0.3214000000       11.4769059000
        0.9500086341        0.3300900000       11.3748684000
        0.9750187072        0.3387800000       11.2755519000
        1.0000000000        0.3474600000       11.1789564000
 
        0.0000000000        0.0000000000       12.8129169000
        0.0250100731        0.0086900000       12.8129169000
        0.0499913659        0.0173700000       12.8129169000
        0.0750014390        0.0260600000       12.8129169000
        0.1000115121        0.0347500000       12.8142774000
        0.1249928049        0.0434300000       12.8156379000
        0.1500028780        0.0521200000       12.8169984000
        0.1750129511        0.0608100000       12.8183589000
        0.1999942439        0.0694900000       12.8197194000
        0.2250043170        0.0781800000       12.8224404000
        0.2500143901        0.0868700000       12.8251614000
        0.2749956830        0.0955500000       12.8278824000
        0.3000057561        0.1042400000       12.8306034000
        0.3250158292        0.1129300000       12.8346849000
        0.3499971220        0.1216100000       12.8387664000
        0.3750071951        0.1303000000       12.8442084000
        0.4000172682        0.1389900000       12.8496504000
        0.4249985610        0.1476700000       12.8564529000
        0.4500086341        0.1563600000       12.8632554000
        0.4750187072        0.1650500000       12.8795814000
        0.5000000000        0.1737300000       12.8877444000
        0.5250100731        0.1824200000       12.8972679000
        0.5500201462        0.1911100000       12.9067914000
        0.5750014390        0.1997900000       12.9176754000
        0.6000115121        0.2084800000       12.9285594000
        0.6249928049        0.2171600000       12.8727789000
        0.6500028780        0.2258500000       12.7448919000
        0.6750129511        0.2345400000       12.6823089000
        0.6999942439        0.2432200000       12.7748229000
        0.7250043170        0.2519100000       12.8686974000
        0.7500143901        0.2606000000       12.9625719000
        0.7749956830        0.2692800000       13.0292364000
        0.8000057561        0.2779700000       13.0442019000
        0.8250158292        0.2866600000       13.0605279000
        0.8499971220        0.2953400000       13.0754934000
        0.8750071951        0.3040300000       13.0904589000
        0.9000172682        0.3127200000       13.1027034000
        0.9249985610        0.3214000000       13.1135874000
        0.9500086341        0.3300900000       13.1217504000
        0.9750187072        0.3387800000       13.1271924000
        1.0000000000        0.3474600000       13.1285529000
 
        0.0000000000        0.0000000000       12.8129169000
        0.0250100731        0.0086900000       12.8129169000
        0.0499913659        0.0173700000       12.8129169000
        0.0750014390        0.0260600000       12.8129169000
        0.1000115121        0.0347500000       12.8142774000
        0.1249928049        0.0434300000       12.8156379000
        0.1500028780        0.0521200000       12.8169984000
        0.1750129511        0.0608100000       12.8183589000
        0.1999942439        0.0694900000       12.8197194000
        0.2250043170        0.0781800000       12.8224404000
        0.2500143901        0.0868700000       12.8251614000
        0.2749956830        0.0955500000       12.8278824000
        0.3000057561        0.1042400000       12.8306034000
        0.3250158292        0.1129300000       12.8346849000
        0.3499971220        0.1216100000       12.8387664000
        0.3750071951        0.1303000000       12.8442084000
        0.4000172682        0.1389900000       12.8496504000
        0.4249985610        0.1476700000       12.8564529000
        0.4500086341        0.1563600000       12.8632554000
        0.4750187072        0.1650500000       12.8795814000
        0.5000000000        0.1737300000       12.8877444000
        0.5250100731        0.1824200000       12.8972679000
        0.5500201462        0.1911100000       12.9067914000
        0.5750014390        0.1997900000       12.9176754000
        0.6000115121        0.2084800000       12.9285594000
        0.6249928049        0.2171600000       12.9408039000
        0.6500028780        0.2258500000       12.9544089000
        0.6750129511        0.2345400000       12.9680139000
        0.6999942439        0.2432200000       12.9829794000
        0.7250043170        0.2519100000       12.9979449000
        0.7500143901        0.2606000000       13.0129104000
        0.7749956830        0.2692800000       13.0292364000
        0.8000057561        0.2779700000       13.0442019000
        0.8250158292        0.2866600000       13.0605279000
        0.8499971220        0.2953400000       13.0754934000
        0.8750071951        0.3040300000       13.0904589000
        0.9000172682        0.3127200000       13.1027034000
        0.9249985610        0.3214000000       13.1135874000
        0.9500086341        0.3300900000       13.1217504000
        0.9750187072        0.3387800000       13.1271924000
        1.0000000000        0.3474600000       13.1285529000
 
        0.0000000000        0.0000000000       15.0618234000
        0.0250100731        0.0086900000       15.0591024000
        0.0499913659        0.0173700000       15.0522999000
        0.0750014390        0.0260600000       15.0414159000
        0.1000115121        0.0347500000       15.0250899000
        0.1249928049        0.0434300000       15.0060429000
        0.1500028780        0.0521200000       14.9829144000
        0.1750129511        0.0608100000       14.9557044000
        0.1999942439        0.0694900000       14.9257734000
        0.2250043170        0.0781800000       14.8917609000
        0.2500143901        0.0868700000       14.8563879000
        0.2749956830        0.0955500000       14.8169334000
        0.3000057561        0.1042400000       14.7216984000
        0.3250158292        0.1129300000       14.5706829000
        0.3499971220        0.1216100000       14.4196674000
        0.3750071951        0.1303000000       14.2700124000
        0.4000172682        0.1389900000       14.1203574000
        0.4249985610        0.1476700000       13.9734234000
        0.4500086341        0.1563600000       13.8292104000
        0.4750187072        0.1650500000       13.6863579000
        0.5000000000        0.1737300000       13.5448659000
        0.5250100731        0.1824200000       13.4060949000
        0.5500201462        0.1911100000       13.2686844000
        0.5750014390        0.1997900000       13.1353554000
        0.6000115121        0.2084800000       13.0020264000
        0.6249928049        0.2171600000       12.9408039000
        0.6500028780        0.2258500000       12.9544089000
        0.6750129511        0.2345400000       12.9680139000
        0.6999942439        0.2432200000       12.9829794000
        0.7250043170        0.2519100000       12.9979449000
        0.7500143901        0.2606000000       13.0129104000
        0.7749956830        0.2692800000       13.0550859000
        0.8000057561        0.2779700000       13.1475999000
        0.8250158292        0.2866600000       13.2401139000
        0.8499971220        0.2953400000       13.3312674000
        0.8750071951        0.3040300000       13.4210604000
        0.9000172682        0.3127200000       13.5108534000
        0.9249985610        0.3214000000       13.5979254000
        0.9500086341        0.3300900000       13.6849974000
        0.9750187072        0.3387800000       13.6809159000
        1.0000000000        0.3474600000       13.6768344000
 
        0.0000000000        0.0000000000       15.0618234000
        0.0250100731        0.0086900000       15.0591024000
        0.0499913659        0.0173700000       15.0522999000
        0.0750014390        0.0260600000       15.0414159000
        0.1000115121        0.0347500000       15.0250899000
        0.1249928049        0.0434300000       15.0060429000
        0.1500028780        0.0521200000       14.9829144000
        0.1750129511        0.0608100000       14.9557044000
        0.1999942439        0.0694900000       14.9257734000
        0.2250043170        0.0781800000       14.8917609000
        0.2500143901        0.0868700000       14.8563879000
        0.2749956830        0.0955500000       14.8182939000
        0.3000057561        0.1042400000       14.7761184000
        0.3250158292        0.1129300000       14.7339429000
        0.3499971220        0.1216100000       14.6890464000
        0.3750071951        0.1303000000       14.6441499000
        0.4000172682        0.1389900000       14.5965324000
        0.4249985610        0.1476700000       14.5489149000
        0.4500086341        0.1563600000       14.4999369000
        0.4750187072        0.1650500000       14.4509589000
        0.5000000000        0.1737300000       14.4006204000
        0.5250100731        0.1824200000       14.3516424000
        0.5500201462        0.1911100000       14.3013039000
        0.5750014390        0.1997900000       14.2523259000
        0.6000115121        0.2084800000       14.1965454000
        0.6249928049        0.2171600000       14.1489279000
        0.6500028780        0.2258500000       14.1013104000
        0.6750129511        0.2345400000       14.0550534000
        0.6999942439        0.2432200000       14.0101569000
        0.7250043170        0.2519100000       13.9666209000
        0.7500143901        0.2606000000       13.9244454000
        0.7749956830        0.2692800000       13.8836304000
        0.8000057561        0.2779700000       13.8468969000
        0.8250158292        0.2866600000       13.8115239000
        0.8499971220        0.2953400000       13.7788719000
        0.8750071951        0.3040300000       13.7503014000
        0.9000172682        0.3127200000       13.7244519000
        0.9249985610        0.3214000000       13.7040444000
        0.9500086341        0.3300900000       13.6890789000
        0.9750187072        0.3387800000       13.6809159000
        1.0000000000        0.3474600000       13.6768344000
 
        0.0000000000        0.0000000000       15.4808574000
        0.0250100731        0.0086900000       15.4794969000
        0.0499913659        0.0173700000       15.4740549000
        0.0750014390        0.0260600000       15.4645314000
        0.1000115121        0.0347500000       15.4495659000
        0.1249928049        0.0434300000       15.4277979000
        0.1500028780        0.0521200000       15.3951459000
        0.1750129511        0.0608100000       15.3434469000
        0.1999942439        0.0694900000       15.2631774000
        0.2250043170        0.0781800000       15.1502559000
        0.2500143901        0.0868700000       15.0169269000
        0.2749956830        0.0955500000       14.8713534000
        0.3000057561        0.1042400000       14.7761184000
        0.3250158292        0.1129300000       14.7339429000
        0.3499971220        0.1216100000       14.6890464000
        0.3750071951        0.1303000000       14.6441499000
        0.4000172682        0.1389900000       14.5965324000
        0.4249985610        0.1476700000       14.5489149000
        0.4500086341        0.1563600000       14.4999369000
        0.4750187072        0.1650500000       14.4509589000
        0.5000000000        0.1737300000       14.4006204000
        0.5250100731        0.1824200000       14.3516424000
        0.5500201462        0.1911100000       14.3013039000
        0.5750014390        0.1997900000       14.2523259000
        0.6000115121        0.2084800000       14.1965454000
        0.6249928049        0.2171600000       14.1489279000
        0.6500028780        0.2258500000       14.1013104000
        0.6750129511        0.2345400000       14.0550534000
        0.6999942439        0.2432200000       14.0101569000
        0.7250043170        0.2519100000       13.9666209000
        0.7500143901        0.2606000000       13.9244454000
        0.7749956830        0.2692800000       13.8836304000
        0.8000057561        0.2779700000       13.8468969000
        0.8250158292        0.2866600000       13.8115239000
        0.8499971220        0.2953400000       13.7788719000
        0.8750071951        0.3040300000       13.7503014000
        0.9000172682        0.3127200000       13.7244519000
        0.9249985610        0.3214000000       13.7040444000
        0.9500086341        0.3300900000       13.6890789000
        0.9750187072        0.3387800000       13.7693484000
        1.0000000000        0.3474600000       13.8523389000
 
        0.0000000000        0.0000000000       16.6522479000
        0.0250100731        0.0086900000       16.5910254000
        0.0499913659        0.0173700000       16.4590569000
        0.0750014390        0.0260600000       16.3053204000
        0.1000115121        0.0347500000       16.1475024000
        0.1249928049        0.0434300000       15.9924054000
        0.1500028780        0.0521200000       15.8454714000
        0.1750129511        0.0608100000       15.7148634000
        0.1999942439        0.0694900000       15.6141864000
        0.2250043170        0.0781800000       15.5434404000
        0.2500143901        0.0868700000       15.4931019000
        0.2749956830        0.0955500000       15.4550079000
        0.3000057561        0.1042400000       15.4209954000
        0.3250158292        0.1129300000       15.3883434000
        0.3499971220        0.1216100000       15.3556914000
        0.3750071951        0.1303000000       15.3216789000
        0.4000172682        0.1389900000       15.2876664000
        0.4249985610        0.1476700000       15.2522934000
        0.4500086341        0.1563600000       15.2141994000
        0.4750187072        0.1650500000       15.1747449000
        0.5000000000        0.1737300000       15.1325694000
        0.5250100731        0.1824200000       15.0890334000
        0.5500201462        0.1911100000       15.0441369000
        0.5750014390        0.1997900000       14.9965194000
        0.6000115121        0.2084800000       14.9475414000
        0.6249928049        0.2171600000       14.8958424000
        0.6500028780        0.2258500000       14.8414224000
        0.6750129511        0.2345400000       14.7856419000
        0.6999942439        0.2432200000       14.7108144000
        0.7250043170        0.2519100000       14.6495919000
        0.7500143901        0.2606000000       14.5870089000
        0.7749956830        0.2692800000       14.5230654000
        0.8000057561        0.2779700000       14.4564009000
        0.8250158292        0.2866600000       14.3870154000
        0.8499971220        0.2953400000       14.3162694000
        0.8750071951        0.3040300000       14.2441629000
        0.9000172682        0.3127200000       14.1693354000
        0.9249985610        0.3214000000       14.0931474000
        0.9500086341        0.3300900000       14.0142384000
        0.9750187072        0.3387800000       13.9339689000
        1.0000000000        0.3474600000       13.8523389000
 
