        0.0000000000        2.4020267812       -8.0489901000
        0.0250100731        2.4107167812       -8.0489901000
        0.0499913659        2.4193967812       -8.0489901000
        0.0750014390        2.4280867812       -8.0503506000
        0.1000115121        2.4367767812       -8.0503506000
        0.1249928049        2.4454567812       -8.0503506000
        0.1500028780        2.4541467812       -8.0517111000
        0.1750129511        2.4628367812       -8.0517111000
        0.1999942439        2.4715167812       -8.0530716000
        0.2250043170        2.4802067812       -8.0530716000
        0.2500143901        2.4888967812       -8.0544321000
        0.2749956830        2.4975767812       -8.0557926000
        0.3000057561        2.5062667812       -8.0571531000
        0.3250158292        2.5149567812       -8.0571531000
        0.3499971220        2.5236367812       -8.0585136000
        0.3750071951        2.5323267812       -8.0598741000
        0.4000172682        2.5410167812       -8.0612346000
        0.4249985610        2.5496967812       -8.0625951000
        0.4500086341        2.5583867812       -8.0625951000
        0.4750187072        2.5670767812       -8.0639556000
        0.5000000000        2.5757567812       -8.0653161000
        0.5250100731        2.5844467812       -8.0666766000
        0.5500201462        2.5931367812       -8.0666766000
        0.5750014390        2.6018167812       -8.0680371000
        0.6000115121        2.6105067812       -8.0693976000
        0.6249928049        2.6191867812       -8.0693976000
        0.6500028780        2.6278767812       -8.0707581000
        0.6750129511        2.6365667812       -8.0721186000
        0.6999942439        2.6452467812       -8.0721186000
        0.7250043170        2.6539367812       -8.0734791000
        0.7500143901        2.6626267812       -8.0734791000
        0.7749956830        2.6713067812       -8.0734791000
        0.8000057561        2.6799967812       -8.0748396000
        0.8250158292        2.6886867812       -8.0748396000
        0.8499971220        2.6973667812       -8.0748396000
        0.8750071951        2.7060567812       -8.0762001000
        0.9000172682        2.7147467812       -8.0762001000
        0.9249985610        2.7234267812       -8.0762001000
        0.9500086341        2.7321167812       -8.0762001000
        0.9750187072        2.7408067812       -8.0762001000
        1.0000000000        2.7494867812       -8.0762001000
 
        0.0000000000        2.4020267812       -8.0489901000
        0.0250100731        2.4107167812       -8.0489901000
        0.0499913659        2.4193967812       -8.0489901000
        0.0750014390        2.4280867812       -8.0503506000
        0.1000115121        2.4367767812       -8.0503506000
        0.1249928049        2.4454567812       -8.0503506000
        0.1500028780        2.4541467812       -8.0517111000
        0.1750129511        2.4628367812       -8.0517111000
        0.1999942439        2.4715167812       -8.0530716000
        0.2250043170        2.4802067812       -8.0530716000
        0.2500143901        2.4888967812       -8.0544321000
        0.2749956830        2.4975767812       -8.0557926000
        0.3000057561        2.5062667812       -8.0571531000
        0.3250158292        2.5149567812       -8.0571531000
        0.3499971220        2.5236367812       -8.0585136000
        0.3750071951        2.5323267812       -8.0598741000
        0.4000172682        2.5410167812       -8.0612346000
        0.4249985610        2.5496967812       -8.0625951000
        0.4500086341        2.5583867812       -8.0625951000
        0.4750187072        2.5670767812       -8.0639556000
        0.5000000000        2.5757567812       -8.0653161000
        0.5250100731        2.5844467812       -8.0666766000
        0.5500201462        2.5931367812       -8.0666766000
        0.5750014390        2.6018167812       -8.0680371000
        0.6000115121        2.6105067812       -8.0693976000
        0.6249928049        2.6191867812       -8.0693976000
        0.6500028780        2.6278767812       -8.0707581000
        0.6750129511        2.6365667812       -8.0721186000
        0.6999942439        2.6452467812       -8.0721186000
        0.7250043170        2.6539367812       -8.0734791000
        0.7500143901        2.6626267812       -8.0734791000
        0.7749956830        2.6713067812       -8.0734791000
        0.8000057561        2.6799967812       -8.0748396000
        0.8250158292        2.6886867812       -8.0748396000
        0.8499971220        2.6973667812       -8.0748396000
        0.8750071951        2.7060567812       -8.0762001000
        0.9000172682        2.7147467812       -8.0762001000
        0.9249985610        2.7234267812       -8.0762001000
        0.9500086341        2.7321167812       -8.0762001000
        0.9750187072        2.7408067812       -8.0762001000
        1.0000000000        2.7494867812       -8.0762001000
 
        0.0000000000        2.4020267812       -7.9918491000
        0.0250100731        2.4107167812       -7.9918491000
        0.0499913659        2.4193967812       -7.9918491000
        0.0750014390        2.4280867812       -7.9918491000
        0.1000115121        2.4367767812       -7.9918491000
        0.1249928049        2.4454567812       -7.9918491000
        0.1500028780        2.4541467812       -7.9918491000
        0.1750129511        2.4628367812       -7.9918491000
        0.1999942439        2.4715167812       -7.9918491000
        0.2250043170        2.4802067812       -7.9918491000
        0.2500143901        2.4888967812       -7.9904886000
        0.2749956830        2.4975767812       -7.9904886000
        0.3000057561        2.5062667812       -7.9904886000
        0.3250158292        2.5149567812       -7.9904886000
        0.3499971220        2.5236367812       -7.9904886000
        0.3750071951        2.5323267812       -7.9891281000
        0.4000172682        2.5410167812       -7.9891281000
        0.4249985610        2.5496967812       -7.9891281000
        0.4500086341        2.5583867812       -7.9891281000
        0.4750187072        2.5670767812       -7.9877676000
        0.5000000000        2.5757567812       -7.9877676000
        0.5250100731        2.5844467812       -7.9877676000
        0.5500201462        2.5931367812       -7.9877676000
        0.5750014390        2.6018167812       -7.9864071000
        0.6000115121        2.6105067812       -7.9864071000
        0.6249928049        2.6191867812       -7.9864071000
        0.6500028780        2.6278767812       -7.9864071000
        0.6750129511        2.6365667812       -7.9850466000
        0.6999942439        2.6452467812       -7.9850466000
        0.7250043170        2.6539367812       -7.9850466000
        0.7500143901        2.6626267812       -7.9836861000
        0.7749956830        2.6713067812       -7.9823256000
        0.8000057561        2.6799967812       -7.9823256000
        0.8250158292        2.6886867812       -7.9823256000
        0.8499971220        2.6973667812       -7.9823256000
        0.8750071951        2.7060567812       -7.9823256000
        0.9000172682        2.7147467812       -7.9809651000
        0.9249985610        2.7234267812       -7.9809651000
        0.9500086341        2.7321167812       -7.9809651000
        0.9750187072        2.7408067812       -7.9809651000
        1.0000000000        2.7494867812       -7.9809651000
 
        0.0000000000        2.4020267812       -7.9918491000
        0.0250100731        2.4107167812       -7.9918491000
        0.0499913659        2.4193967812       -7.9918491000
        0.0750014390        2.4280867812       -7.9918491000
        0.1000115121        2.4367767812       -7.9918491000
        0.1249928049        2.4454567812       -7.9918491000
        0.1500028780        2.4541467812       -7.9918491000
        0.1750129511        2.4628367812       -7.9918491000
        0.1999942439        2.4715167812       -7.9918491000
        0.2250043170        2.4802067812       -7.9918491000
        0.2500143901        2.4888967812       -7.9904886000
        0.2749956830        2.4975767812       -7.9904886000
        0.3000057561        2.5062667812       -7.9904886000
        0.3250158292        2.5149567812       -7.9904886000
        0.3499971220        2.5236367812       -7.9904886000
        0.3750071951        2.5323267812       -7.9891281000
        0.4000172682        2.5410167812       -7.9891281000
        0.4249985610        2.5496967812       -7.9891281000
        0.4500086341        2.5583867812       -7.9891281000
        0.4750187072        2.5670767812       -7.9877676000
        0.5000000000        2.5757567812       -7.9877676000
        0.5250100731        2.5844467812       -7.9877676000
        0.5500201462        2.5931367812       -7.9877676000
        0.5750014390        2.6018167812       -7.9864071000
        0.6000115121        2.6105067812       -7.9864071000
        0.6249928049        2.6191867812       -7.9864071000
        0.6500028780        2.6278767812       -7.9864071000
        0.6750129511        2.6365667812       -7.9850466000
        0.6999942439        2.6452467812       -7.9850466000
        0.7250043170        2.6539367812       -7.9850466000
        0.7500143901        2.6626267812       -7.9836861000
        0.7749956830        2.6713067812       -7.9823256000
        0.8000057561        2.6799967812       -7.9823256000
        0.8250158292        2.6886867812       -7.9823256000
        0.8499971220        2.6973667812       -7.9823256000
        0.8750071951        2.7060567812       -7.9823256000
        0.9000172682        2.7147467812       -7.9809651000
        0.9249985610        2.7234267812       -7.9809651000
        0.9500086341        2.7321167812       -7.9809651000
        0.9750187072        2.7408067812       -7.9809651000
        1.0000000000        2.7494867812       -7.9809651000
 
        0.0000000000        2.4020267812       -7.9809651000
        0.0250100731        2.4107167812       -7.9809651000
        0.0499913659        2.4193967812       -7.9809651000
        0.0750014390        2.4280867812       -7.9809651000
        0.1000115121        2.4367767812       -7.9809651000
        0.1249928049        2.4454567812       -7.9796046000
        0.1500028780        2.4541467812       -7.9796046000
        0.1750129511        2.4628367812       -7.9796046000
        0.1999942439        2.4715167812       -7.9796046000
        0.2250043170        2.4802067812       -7.9796046000
        0.2500143901        2.4888967812       -7.9796046000
        0.2749956830        2.4975767812       -7.9782441000
        0.3000057561        2.5062667812       -7.9782441000
        0.3250158292        2.5149567812       -7.9782441000
        0.3499971220        2.5236367812       -7.9768836000
        0.3750071951        2.5323267812       -7.9768836000
        0.4000172682        2.5410167812       -7.9768836000
        0.4249985610        2.5496967812       -7.9755231000
        0.4500086341        2.5583867812       -7.9755231000
        0.4750187072        2.5670767812       -7.9755231000
        0.5000000000        2.5757567812       -7.9741626000
        0.5250100731        2.5844467812       -7.9741626000
        0.5500201462        2.5931367812       -7.9728021000
        0.5750014390        2.6018167812       -7.9728021000
        0.6000115121        2.6105067812       -7.9714416000
        0.6249928049        2.6191867812       -7.9714416000
        0.6500028780        2.6278767812       -7.9714416000
        0.6750129511        2.6365667812       -7.9700811000
        0.6999942439        2.6452467812       -7.9700811000
        0.7250043170        2.6539367812       -7.9687206000
        0.7500143901        2.6626267812       -7.9673601000
        0.7749956830        2.6713067812       -7.9659996000
        0.8000057561        2.6799967812       -7.9659996000
        0.8250158292        2.6886867812       -7.9646391000
        0.8499971220        2.6973667812       -7.9646391000
        0.8750071951        2.7060567812       -7.9646391000
        0.9000172682        2.7147467812       -7.9646391000
        0.9249985610        2.7234267812       -7.9632786000
        0.9500086341        2.7321167812       -7.9632786000
        0.9750187072        2.7408067812       -7.9632786000
        1.0000000000        2.7494867812       -7.9632786000
 
        0.0000000000        2.4020267812       -7.9809651000
        0.0250100731        2.4107167812       -7.9809651000
        0.0499913659        2.4193967812       -7.9809651000
        0.0750014390        2.4280867812       -7.9809651000
        0.1000115121        2.4367767812       -7.9809651000
        0.1249928049        2.4454567812       -7.9796046000
        0.1500028780        2.4541467812       -7.9796046000
        0.1750129511        2.4628367812       -7.9796046000
        0.1999942439        2.4715167812       -7.9796046000
        0.2250043170        2.4802067812       -7.9796046000
        0.2500143901        2.4888967812       -7.9796046000
        0.2749956830        2.4975767812       -7.9782441000
        0.3000057561        2.5062667812       -7.9782441000
        0.3250158292        2.5149567812       -7.9782441000
        0.3499971220        2.5236367812       -7.9768836000
        0.3750071951        2.5323267812       -7.9768836000
        0.4000172682        2.5410167812       -7.9768836000
        0.4249985610        2.5496967812       -7.9755231000
        0.4500086341        2.5583867812       -7.9755231000
        0.4750187072        2.5670767812       -7.9755231000
        0.5000000000        2.5757567812       -7.9741626000
        0.5250100731        2.5844467812       -7.9741626000
        0.5500201462        2.5931367812       -7.9728021000
        0.5750014390        2.6018167812       -7.9728021000
        0.6000115121        2.6105067812       -7.9714416000
        0.6249928049        2.6191867812       -7.9714416000
        0.6500028780        2.6278767812       -7.9714416000
        0.6750129511        2.6365667812       -7.9700811000
        0.6999942439        2.6452467812       -7.9700811000
        0.7250043170        2.6539367812       -7.9687206000
        0.7500143901        2.6626267812       -7.9673601000
        0.7749956830        2.6713067812       -7.9659996000
        0.8000057561        2.6799967812       -7.9659996000
        0.8250158292        2.6886867812       -7.9646391000
        0.8499971220        2.6973667812       -7.9646391000
        0.8750071951        2.7060567812       -7.9646391000
        0.9000172682        2.7147467812       -7.9646391000
        0.9249985610        2.7234267812       -7.9632786000
        0.9500086341        2.7321167812       -7.9632786000
        0.9750187072        2.7408067812       -7.9632786000
        1.0000000000        2.7494867812       -7.9632786000
 
        0.0000000000        2.4020267812       -7.9496736000
        0.0250100731        2.4107167812       -7.9496736000
        0.0499913659        2.4193967812       -7.9496736000
        0.0750014390        2.4280867812       -7.9496736000
        0.1000115121        2.4367767812       -7.9496736000
        0.1249928049        2.4454567812       -7.9496736000
        0.1500028780        2.4541467812       -7.9496736000
        0.1750129511        2.4628367812       -7.9496736000
        0.1999942439        2.4715167812       -7.9496736000
        0.2250043170        2.4802067812       -7.9496736000
        0.2500143901        2.4888967812       -7.9496736000
        0.2749956830        2.4975767812       -7.9510341000
        0.3000057561        2.5062667812       -7.9510341000
        0.3250158292        2.5149567812       -7.9510341000
        0.3499971220        2.5236367812       -7.9510341000
        0.3750071951        2.5323267812       -7.9510341000
        0.4000172682        2.5410167812       -7.9510341000
        0.4249985610        2.5496967812       -7.9523946000
        0.4500086341        2.5583867812       -7.9523946000
        0.4750187072        2.5670767812       -7.9523946000
        0.5000000000        2.5757567812       -7.9523946000
        0.5250100731        2.5844467812       -7.9537551000
        0.5500201462        2.5931367812       -7.9537551000
        0.5750014390        2.6018167812       -7.9551156000
        0.6000115121        2.6105067812       -7.9551156000
        0.6249928049        2.6191867812       -7.9564761000
        0.6500028780        2.6278767812       -7.9578366000
        0.6750129511        2.6365667812       -7.9591971000
        0.6999942439        2.6452467812       -7.9605576000
        0.7250043170        2.6539367812       -7.9605576000
        0.7500143901        2.6626267812       -7.9605576000
        0.7749956830        2.6713067812       -7.9619181000
        0.8000057561        2.6799967812       -7.9619181000
        0.8250158292        2.6886867812       -7.9632786000
        0.8499971220        2.6973667812       -7.9632786000
        0.8750071951        2.7060567812       -7.9632786000
        0.9000172682        2.7147467812       -7.9632786000
        0.9249985610        2.7234267812       -7.9619181000
        0.9500086341        2.7321167812       -7.9619181000
        0.9750187072        2.7408067812       -7.9619181000
        1.0000000000        2.7494867812       -7.9605576000
 
        0.0000000000        2.4020267812       -7.9496736000
        0.0250100731        2.4107167812       -7.9496736000
        0.0499913659        2.4193967812       -7.9496736000
        0.0750014390        2.4280867812       -7.9496736000
        0.1000115121        2.4367767812       -7.9496736000
        0.1249928049        2.4454567812       -7.9496736000
        0.1500028780        2.4541467812       -7.9496736000
        0.1750129511        2.4628367812       -7.9496736000
        0.1999942439        2.4715167812       -7.9496736000
        0.2250043170        2.4802067812       -7.9496736000
        0.2500143901        2.4888967812       -7.9496736000
        0.2749956830        2.4975767812       -7.9510341000
        0.3000057561        2.5062667812       -7.9510341000
        0.3250158292        2.5149567812       -7.9510341000
        0.3499971220        2.5236367812       -7.9510341000
        0.3750071951        2.5323267812       -7.9510341000
        0.4000172682        2.5410167812       -7.9510341000
        0.4249985610        2.5496967812       -7.9523946000
        0.4500086341        2.5583867812       -7.9523946000
        0.4750187072        2.5670767812       -7.9523946000
        0.5000000000        2.5757567812       -7.9523946000
        0.5250100731        2.5844467812       -7.9537551000
        0.5500201462        2.5931367812       -7.9537551000
        0.5750014390        2.6018167812       -7.9551156000
        0.6000115121        2.6105067812       -7.9551156000
        0.6249928049        2.6191867812       -7.9564761000
        0.6500028780        2.6278767812       -7.9578366000
        0.6750129511        2.6365667812       -7.9591971000
        0.6999942439        2.6452467812       -7.9605576000
        0.7250043170        2.6539367812       -7.9605576000
        0.7500143901        2.6626267812       -7.9605576000
        0.7749956830        2.6713067812       -7.9619181000
        0.8000057561        2.6799967812       -7.9619181000
        0.8250158292        2.6886867812       -7.9632786000
        0.8499971220        2.6973667812       -7.9632786000
        0.8750071951        2.7060567812       -7.9632786000
        0.9000172682        2.7147467812       -7.9632786000
        0.9249985610        2.7234267812       -7.9619181000
        0.9500086341        2.7321167812       -7.9619181000
        0.9750187072        2.7408067812       -7.9619181000
        1.0000000000        2.7494867812       -7.9605576000
 
        0.0000000000        2.4020267812       -7.9347081000
        0.0250100731        2.4107167812       -7.9347081000
        0.0499913659        2.4193967812       -7.9360686000
        0.0750014390        2.4280867812       -7.9360686000
        0.1000115121        2.4367767812       -7.9360686000
        0.1249928049        2.4454567812       -7.9360686000
        0.1500028780        2.4541467812       -7.9374291000
        0.1750129511        2.4628367812       -7.9374291000
        0.1999942439        2.4715167812       -7.9387896000
        0.2250043170        2.4802067812       -7.9387896000
        0.2500143901        2.4888967812       -7.9401501000
        0.2749956830        2.4975767812       -7.9415106000
        0.3000057561        2.5062667812       -7.9415106000
        0.3250158292        2.5149567812       -7.9428711000
        0.3499971220        2.5236367812       -7.9442316000
        0.3750071951        2.5323267812       -7.9455921000
        0.4000172682        2.5410167812       -7.9469526000
        0.4249985610        2.5496967812       -7.9469526000
        0.4500086341        2.5583867812       -7.9483131000
        0.4750187072        2.5670767812       -7.9496736000
        0.5000000000        2.5757567812       -7.9510341000
        0.5250100731        2.5844467812       -7.9523946000
        0.5500201462        2.5931367812       -7.9537551000
        0.5750014390        2.6018167812       -7.9537551000
        0.6000115121        2.6105067812       -7.9537551000
        0.6249928049        2.6191867812       -7.9551156000
        0.6500028780        2.6278767812       -7.9551156000
        0.6750129511        2.6365667812       -7.9551156000
        0.6999942439        2.6452467812       -7.9564761000
        0.7250043170        2.6539367812       -7.9564761000
        0.7500143901        2.6626267812       -7.9564761000
        0.7749956830        2.6713067812       -7.9564761000
        0.8000057561        2.6799967812       -7.9578366000
        0.8250158292        2.6886867812       -7.9578366000
        0.8499971220        2.6973667812       -7.9578366000
        0.8750071951        2.7060567812       -7.9591971000
        0.9000172682        2.7147467812       -7.9591971000
        0.9249985610        2.7234267812       -7.9591971000
        0.9500086341        2.7321167812       -7.9591971000
        0.9750187072        2.7408067812       -7.9605576000
        1.0000000000        2.7494867812       -7.9605576000
 
        0.0000000000        2.4020267812       -7.9347081000
        0.0250100731        2.4107167812       -7.9347081000
        0.0499913659        2.4193967812       -7.9360686000
        0.0750014390        2.4280867812       -7.9360686000
        0.1000115121        2.4367767812       -7.9360686000
        0.1249928049        2.4454567812       -7.9360686000
        0.1500028780        2.4541467812       -7.9374291000
        0.1750129511        2.4628367812       -7.9374291000
        0.1999942439        2.4715167812       -7.9387896000
        0.2250043170        2.4802067812       -7.9387896000
        0.2500143901        2.4888967812       -7.9401501000
        0.2749956830        2.4975767812       -7.9415106000
        0.3000057561        2.5062667812       -7.9415106000
        0.3250158292        2.5149567812       -7.9428711000
        0.3499971220        2.5236367812       -7.9442316000
        0.3750071951        2.5323267812       -7.9455921000
        0.4000172682        2.5410167812       -7.9469526000
        0.4249985610        2.5496967812       -7.9469526000
        0.4500086341        2.5583867812       -7.9483131000
        0.4750187072        2.5670767812       -7.9496736000
        0.5000000000        2.5757567812       -7.9510341000
        0.5250100731        2.5844467812       -7.9523946000
        0.5500201462        2.5931367812       -7.9537551000
        0.5750014390        2.6018167812       -7.9537551000
        0.6000115121        2.6105067812       -7.9537551000
        0.6249928049        2.6191867812       -7.9551156000
        0.6500028780        2.6278767812       -7.9551156000
        0.6750129511        2.6365667812       -7.9551156000
        0.6999942439        2.6452467812       -7.9564761000
        0.7250043170        2.6539367812       -7.9564761000
        0.7500143901        2.6626267812       -7.9564761000
        0.7749956830        2.6713067812       -7.9564761000
        0.8000057561        2.6799967812       -7.9578366000
        0.8250158292        2.6886867812       -7.9578366000
        0.8499971220        2.6973667812       -7.9578366000
        0.8750071951        2.7060567812       -7.9591971000
        0.9000172682        2.7147467812       -7.9591971000
        0.9249985610        2.7234267812       -7.9591971000
        0.9500086341        2.7321167812       -7.9591971000
        0.9750187072        2.7408067812       -7.9605576000
        1.0000000000        2.7494867812       -7.9605576000
 
        0.0000000000        2.4020267812       -7.9170216000
        0.0250100731        2.4107167812       -7.9170216000
        0.0499913659        2.4193967812       -7.9170216000
        0.0750014390        2.4280867812       -7.9170216000
        0.1000115121        2.4367767812       -7.9156611000
        0.1249928049        2.4454567812       -7.9156611000
        0.1500028780        2.4541467812       -7.9156611000
        0.1750129511        2.4628367812       -7.9156611000
        0.1999942439        2.4715167812       -7.9156611000
        0.2250043170        2.4802067812       -7.9143006000
        0.2500143901        2.4888967812       -7.9143006000
        0.2749956830        2.4975767812       -7.9143006000
        0.3000057561        2.5062667812       -7.9143006000
        0.3250158292        2.5149567812       -7.9129401000
        0.3499971220        2.5236367812       -7.9129401000
        0.3750071951        2.5323267812       -7.9115796000
        0.4000172682        2.5410167812       -7.9115796000
        0.4249985610        2.5496967812       -7.9102191000
        0.4500086341        2.5583867812       -7.9102191000
        0.4750187072        2.5670767812       -7.9088586000
        0.5000000000        2.5757567812       -7.9088586000
        0.5250100731        2.5844467812       -7.9074981000
        0.5500201462        2.5931367812       -7.9061376000
        0.5750014390        2.6018167812       -7.9061376000
        0.6000115121        2.6105067812       -7.9047771000
        0.6249928049        2.6191867812       -7.9034166000
        0.6500028780        2.6278767812       -7.9034166000
        0.6750129511        2.6365667812       -7.9020561000
        0.6999942439        2.6452467812       -7.9006956000
        0.7250043170        2.6539367812       -7.8993351000
        0.7500143901        2.6626267812       -7.8966141000
        0.7749956830        2.6713067812       -7.8952536000
        0.8000057561        2.6799967812       -7.8938931000
        0.8250158292        2.6886867812       -7.8938931000
        0.8499971220        2.6973667812       -7.8925326000
        0.8750071951        2.7060567812       -7.8911721000
        0.9000172682        2.7147467812       -7.8898116000
        0.9249985610        2.7234267812       -7.8898116000
        0.9500086341        2.7321167812       -7.8884511000
        0.9750187072        2.7408067812       -7.8870906000
        1.0000000000        2.7494867812       -7.8857301000
 
        0.0000000000        2.4020267812       -7.9170216000
        0.0250100731        2.4107167812       -7.9170216000
        0.0499913659        2.4193967812       -7.9170216000
        0.0750014390        2.4280867812       -7.9170216000
        0.1000115121        2.4367767812       -7.9156611000
        0.1249928049        2.4454567812       -7.9156611000
        0.1500028780        2.4541467812       -7.9156611000
        0.1750129511        2.4628367812       -7.9156611000
        0.1999942439        2.4715167812       -7.9156611000
        0.2250043170        2.4802067812       -7.9143006000
        0.2500143901        2.4888967812       -7.9143006000
        0.2749956830        2.4975767812       -7.9143006000
        0.3000057561        2.5062667812       -7.9143006000
        0.3250158292        2.5149567812       -7.9129401000
        0.3499971220        2.5236367812       -7.9129401000
        0.3750071951        2.5323267812       -7.9115796000
        0.4000172682        2.5410167812       -7.9115796000
        0.4249985610        2.5496967812       -7.9102191000
        0.4500086341        2.5583867812       -7.9102191000
        0.4750187072        2.5670767812       -7.9088586000
        0.5000000000        2.5757567812       -7.9088586000
        0.5250100731        2.5844467812       -7.9074981000
        0.5500201462        2.5931367812       -7.9061376000
        0.5750014390        2.6018167812       -7.9061376000
        0.6000115121        2.6105067812       -7.9047771000
        0.6249928049        2.6191867812       -7.9034166000
        0.6500028780        2.6278767812       -7.9034166000
        0.6750129511        2.6365667812       -7.9020561000
        0.6999942439        2.6452467812       -7.9006956000
        0.7250043170        2.6539367812       -7.8993351000
        0.7500143901        2.6626267812       -7.8966141000
        0.7749956830        2.6713067812       -7.8952536000
        0.8000057561        2.6799967812       -7.8938931000
        0.8250158292        2.6886867812       -7.8938931000
        0.8499971220        2.6973667812       -7.8925326000
        0.8750071951        2.7060567812       -7.8911721000
        0.9000172682        2.7147467812       -7.8898116000
        0.9249985610        2.7234267812       -7.8898116000
        0.9500086341        2.7321167812       -7.8884511000
        0.9750187072        2.7408067812       -7.8870906000
        1.0000000000        2.7494867812       -7.8857301000
 
        0.0000000000        2.4020267812       -7.8639621000
        0.0250100731        2.4107167812       -7.8639621000
        0.0499913659        2.4193967812       -7.8639621000
        0.0750014390        2.4280867812       -7.8639621000
        0.1000115121        2.4367767812       -7.8639621000
        0.1249928049        2.4454567812       -7.8653226000
        0.1500028780        2.4541467812       -7.8653226000
        0.1750129511        2.4628367812       -7.8653226000
        0.1999942439        2.4715167812       -7.8653226000
        0.2250043170        2.4802067812       -7.8653226000
        0.2500143901        2.4888967812       -7.8666831000
        0.2749956830        2.4975767812       -7.8666831000
        0.3000057561        2.5062667812       -7.8666831000
        0.3250158292        2.5149567812       -7.8680436000
        0.3499971220        2.5236367812       -7.8680436000
        0.3750071951        2.5323267812       -7.8680436000
        0.4000172682        2.5410167812       -7.8694041000
        0.4249985610        2.5496967812       -7.8694041000
        0.4500086341        2.5583867812       -7.8707646000
        0.4750187072        2.5670767812       -7.8707646000
        0.5000000000        2.5757567812       -7.8707646000
        0.5250100731        2.5844467812       -7.8721251000
        0.5500201462        2.5931367812       -7.8721251000
        0.5750014390        2.6018167812       -7.8734856000
        0.6000115121        2.6105067812       -7.8748461000
        0.6249928049        2.6191867812       -7.8748461000
        0.6500028780        2.6278767812       -7.8762066000
        0.6750129511        2.6365667812       -7.8762066000
        0.6999942439        2.6452467812       -7.8775671000
        0.7250043170        2.6539367812       -7.8775671000
        0.7500143901        2.6626267812       -7.8775671000
        0.7749956830        2.6713067812       -7.8789276000
        0.8000057561        2.6799967812       -7.8789276000
        0.8250158292        2.6886867812       -7.8802881000
        0.8499971220        2.6973667812       -7.8816486000
        0.8750071951        2.7060567812       -7.8816486000
        0.9000172682        2.7147467812       -7.8830091000
        0.9249985610        2.7234267812       -7.8830091000
        0.9500086341        2.7321167812       -7.8843696000
        0.9750187072        2.7408067812       -7.8857301000
        1.0000000000        2.7494867812       -7.8857301000
 
        0.0000000000        2.4020267812       -7.8639621000
        0.0250100731        2.4107167812       -7.8639621000
        0.0499913659        2.4193967812       -7.8639621000
        0.0750014390        2.4280867812       -7.8639621000
        0.1000115121        2.4367767812       -7.8639621000
        0.1249928049        2.4454567812       -7.8653226000
        0.1500028780        2.4541467812       -7.8653226000
        0.1750129511        2.4628367812       -7.8653226000
        0.1999942439        2.4715167812       -7.8653226000
        0.2250043170        2.4802067812       -7.8653226000
        0.2500143901        2.4888967812       -7.8666831000
        0.2749956830        2.4975767812       -7.8666831000
        0.3000057561        2.5062667812       -7.8666831000
        0.3250158292        2.5149567812       -7.8680436000
        0.3499971220        2.5236367812       -7.8680436000
        0.3750071951        2.5323267812       -7.8680436000
        0.4000172682        2.5410167812       -7.8694041000
        0.4249985610        2.5496967812       -7.8694041000
        0.4500086341        2.5583867812       -7.8707646000
        0.4750187072        2.5670767812       -7.8707646000
        0.5000000000        2.5757567812       -7.8707646000
        0.5250100731        2.5844467812       -7.8721251000
        0.5500201462        2.5931367812       -7.8721251000
        0.5750014390        2.6018167812       -7.8734856000
        0.6000115121        2.6105067812       -7.8748461000
        0.6249928049        2.6191867812       -7.8748461000
        0.6500028780        2.6278767812       -7.8762066000
        0.6750129511        2.6365667812       -7.8762066000
        0.6999942439        2.6452467812       -7.8775671000
        0.7250043170        2.6539367812       -7.8775671000
        0.7500143901        2.6626267812       -7.8775671000
        0.7749956830        2.6713067812       -7.8789276000
        0.8000057561        2.6799967812       -7.8789276000
        0.8250158292        2.6886867812       -7.8802881000
        0.8499971220        2.6973667812       -7.8816486000
        0.8750071951        2.7060567812       -7.8816486000
        0.9000172682        2.7147467812       -7.8830091000
        0.9249985610        2.7234267812       -7.8830091000
        0.9500086341        2.7321167812       -7.8843696000
        0.9750187072        2.7408067812       -7.8857301000
        1.0000000000        2.7494867812       -7.8857301000
 
        0.0000000000        2.4020267812       -6.9088911000
        0.0250100731        2.4107167812       -6.9075306000
        0.0499913659        2.4193967812       -6.9048096000
        0.0750014390        2.4280867812       -6.8993676000
        0.1000115121        2.4367767812       -6.8925651000
        0.1249928049        2.4454567812       -6.8830416000
        0.1500028780        2.4541467812       -6.8707971000
        0.1750129511        2.4628367812       -6.8585526000
        0.1999942439        2.4715167812       -6.8422266000
        0.2250043170        2.4802067812       -6.8245401000
        0.2500143901        2.4888967812       -6.8054931000
        0.2749956830        2.4975767812       -6.7837251000
        0.3000057561        2.5062667812       -6.7605966000
        0.3250158292        2.5149567812       -6.7361076000
        0.3499971220        2.5236367812       -6.7088976000
        0.3750071951        2.5323267812       -6.6803271000
        0.4000172682        2.5410167812       -6.6490356000
        0.4249985610        2.5496967812       -6.6163836000
        0.4500086341        2.5583867812       -6.5823711000
        0.4750187072        2.5670767812       -6.5469981000
        0.5000000000        2.5757567812       -6.5102646000
        0.5250100731        2.5844467812       -6.4708101000
        0.5500201462        2.5931367812       -6.4299951000
        0.5750014390        2.6018167812       -6.3878196000
        0.6000115121        2.6105067812       -6.3442836000
        0.6249928049        2.6191867812       -6.2993871000
        0.6500028780        2.6278767812       -6.2517696000
        0.6750129511        2.6365667812       -6.2041521000
        0.6999942439        2.6452467812       -6.1551741000
        0.7250043170        2.6539367812       -6.1048356000
        0.7500143901        2.6626267812       -6.0517761000
        0.7749956830        2.6713067812       -6.0000771000
        0.8000057561        2.6799967812       -5.9456571000
        0.8250158292        2.6886867812       -5.8912371000
        0.8499971220        2.6973667812       -5.8354566000
        0.8750071951        2.7060567812       -5.7783156000
        0.9000172682        2.7147467812       -5.7211746000
        0.9249985610        2.7234267812       -5.6640336000
        0.9500086341        2.7321167812       -5.6082531000
        0.9750187072        2.7408067812       -5.5592751000
        1.0000000000        2.7494867812       -5.5347861000
 
        0.0000000000        2.4020267812       -6.9088911000
        0.0250100731        2.4107167812       -6.9075306000
        0.0499913659        2.4193967812       -6.9048096000
        0.0750014390        2.4280867812       -6.8993676000
        0.1000115121        2.4367767812       -6.8925651000
        0.1249928049        2.4454567812       -6.8830416000
        0.1500028780        2.4541467812       -6.8707971000
        0.1750129511        2.4628367812       -6.8585526000
        0.1999942439        2.4715167812       -6.8422266000
        0.2250043170        2.4802067812       -6.8245401000
        0.2500143901        2.4888967812       -6.8054931000
        0.2749956830        2.4975767812       -6.7837251000
        0.3000057561        2.5062667812       -6.7605966000
        0.3250158292        2.5149567812       -6.7361076000
        0.3499971220        2.5236367812       -6.7088976000
        0.3750071951        2.5323267812       -6.6803271000
        0.4000172682        2.5410167812       -6.6490356000
        0.4249985610        2.5496967812       -6.6163836000
        0.4500086341        2.5583867812       -6.5823711000
        0.4750187072        2.5670767812       -6.5469981000
        0.5000000000        2.5757567812       -6.5102646000
        0.5250100731        2.5844467812       -6.4708101000
        0.5500201462        2.5931367812       -6.4299951000
        0.5750014390        2.6018167812       -6.3878196000
        0.6000115121        2.6105067812       -6.3442836000
        0.6249928049        2.6191867812       -6.2993871000
        0.6500028780        2.6278767812       -6.2517696000
        0.6750129511        2.6365667812       -6.2041521000
        0.6999942439        2.6452467812       -6.1551741000
        0.7250043170        2.6539367812       -6.1048356000
        0.7500143901        2.6626267812       -6.0517761000
        0.7749956830        2.6713067812       -6.0000771000
        0.8000057561        2.6799967812       -5.9456571000
        0.8250158292        2.6886867812       -5.8912371000
        0.8499971220        2.6973667812       -5.8354566000
        0.8750071951        2.7060567812       -5.7783156000
        0.9000172682        2.7147467812       -5.7211746000
        0.9249985610        2.7234267812       -5.6640336000
        0.9500086341        2.7321167812       -5.6082531000
        0.9750187072        2.7408067812       -5.5592751000
        1.0000000000        2.7494867812       -5.5347861000
 
        0.0000000000        2.4020267812       -3.6314466000
        0.0250100731        2.4107167812       -3.6341676000
        0.0499913659        2.4193967812       -3.6382491000
        0.0750014390        2.4280867812       -3.6464121000
        0.1000115121        2.4367767812       -3.6586566000
        0.1249928049        2.4454567812       -3.6736221000
        0.1500028780        2.4541467812       -3.6913086000
        0.1750129511        2.4628367812       -3.7117161000
        0.1999942439        2.4715167812       -3.7362051000
        0.2250043170        2.4802067812       -3.7634151000
        0.2500143901        2.4888967812       -3.7933461000
        0.2749956830        2.4975767812       -3.8259981000
        0.3000057561        2.5062667812       -3.8613711000
        0.3250158292        2.5149567812       -3.9008256000
        0.3499971220        2.5236367812       -3.9416406000
        0.3750071951        2.5323267812       -3.9838161000
        0.4000172682        2.5410167812       -4.0300731000
        0.4249985610        2.5496967812       -4.0776906000
        0.4500086341        2.5583867812       -4.1280291000
        0.4750187072        2.5670767812       -4.1797281000
        0.5000000000        2.5757567812       -4.2327876000
        0.5250100731        2.5844467812       -4.2872076000
        0.5500201462        2.5931367812       -4.3443486000
        0.5750014390        2.6018167812       -4.4014896000
        0.6000115121        2.6105067812       -4.4613516000
        0.6249928049        2.6191867812       -4.5212136000
        0.6500028780        2.6278767812       -4.5824361000
        0.6750129511        2.6365667812       -4.6436586000
        0.6999942439        2.6452467812       -4.7062416000
        0.7250043170        2.6539367812       -4.7688246000
        0.7500143901        2.6626267812       -4.8314076000
        0.7749956830        2.6713067812       -4.8953511000
        0.8000057561        2.6799967812       -4.9592946000
        0.8250158292        2.6886867812       -5.0232381000
        0.8499971220        2.6973667812       -5.0858211000
        0.8750071951        2.7060567812       -5.1484041000
        0.9000172682        2.7147467812       -5.2109871000
        0.9249985610        2.7234267812       -5.2722096000
        0.9500086341        2.7321167812       -5.3307111000
        0.9750187072        2.7408067812       -5.3810496000
        1.0000000000        2.7494867812       -5.4068991000
 
        0.0000000000        2.4020267812       -3.6314466000
        0.0250100731        2.4107167812       -3.6341676000
        0.0499913659        2.4193967812       -3.6382491000
        0.0750014390        2.4280867812       -3.6464121000
        0.1000115121        2.4367767812       -3.6586566000
        0.1249928049        2.4454567812       -3.6736221000
        0.1500028780        2.4541467812       -3.6913086000
        0.1750129511        2.4628367812       -3.7117161000
        0.1999942439        2.4715167812       -3.7362051000
        0.2250043170        2.4802067812       -3.7634151000
        0.2500143901        2.4888967812       -3.7933461000
        0.2749956830        2.4975767812       -3.8259981000
        0.3000057561        2.5062667812       -3.8613711000
        0.3250158292        2.5149567812       -3.9008256000
        0.3499971220        2.5236367812       -3.9416406000
        0.3750071951        2.5323267812       -3.9838161000
        0.4000172682        2.5410167812       -4.0300731000
        0.4249985610        2.5496967812       -4.0776906000
        0.4500086341        2.5583867812       -4.1280291000
        0.4750187072        2.5670767812       -4.1797281000
        0.5000000000        2.5757567812       -4.2327876000
        0.5250100731        2.5844467812       -4.2872076000
        0.5500201462        2.5931367812       -4.3443486000
        0.5750014390        2.6018167812       -4.4014896000
        0.6000115121        2.6105067812       -4.4613516000
        0.6249928049        2.6191867812       -4.5212136000
        0.6500028780        2.6278767812       -4.5824361000
        0.6750129511        2.6365667812       -4.6436586000
        0.6999942439        2.6452467812       -4.7062416000
        0.7250043170        2.6539367812       -4.7688246000
        0.7500143901        2.6626267812       -4.8314076000
        0.7749956830        2.6713067812       -4.8953511000
        0.8000057561        2.6799967812       -4.9592946000
        0.8250158292        2.6886867812       -5.0232381000
        0.8499971220        2.6973667812       -5.0858211000
        0.8750071951        2.7060567812       -5.1484041000
        0.9000172682        2.7147467812       -5.2109871000
        0.9249985610        2.7234267812       -5.2722096000
        0.9500086341        2.7321167812       -5.3307111000
        0.9750187072        2.7408067812       -5.3810496000
        1.0000000000        2.7494867812       -5.4068991000
 
        0.0000000000        2.4020267812       -3.6096786000
        0.0250100731        2.4107167812       -3.6083181000
        0.0499913659        2.4193967812       -3.6055971000
        0.0750014390        2.4280867812       -3.6015156000
        0.1000115121        2.4367767812       -3.5960736000
        0.1249928049        2.4454567812       -3.5892711000
        0.1500028780        2.4541467812       -3.5797476000
        0.1750129511        2.4628367812       -3.5702241000
        0.1999942439        2.4715167812       -3.5579796000
        0.2250043170        2.4802067812       -3.5443746000
        0.2500143901        2.4888967812       -3.5294091000
        0.2749956830        2.4975767812       -3.5117226000
        0.3000057561        2.5062667812       -3.4940361000
        0.3250158292        2.5149567812       -3.4736286000
        0.3499971220        2.5236367812       -3.4532211000
        0.3750071951        2.5323267812       -3.4300926000
        0.4000172682        2.5410167812       -3.4056036000
        0.4249985610        2.5496967812       -3.3797541000
        0.4500086341        2.5583867812       -3.3525441000
        0.4750187072        2.5670767812       -3.3239736000
        0.5000000000        2.5757567812       -3.2940426000
        0.5250100731        2.5844467812       -3.2627511000
        0.5500201462        2.5931367812       -3.2300991000
        0.5750014390        2.6018167812       -3.1960866000
        0.6000115121        2.6105067812       -3.1607136000
        0.6249928049        2.6191867812       -3.1239801000
        0.6500028780        2.6278767812       -3.0872466000
        0.6750129511        2.6365667812       -3.0477921000
        0.6999942439        2.6452467812       -3.0083376000
        0.7250043170        2.6539367812       -2.9675226000
        0.7500143901        2.6626267812       -2.9253471000
        0.7749956830        2.6713067812       -2.8818111000
        0.8000057561        2.6799967812       -2.8382751000
        0.8250158292        2.6886867812       -2.7933786000
        0.8499971220        2.6973667812       -2.7471216000
        0.8750071951        2.7060567812       -2.7008646000
        0.9000172682        2.7147467812       -2.6532471000
        0.9249985610        2.7234267812       -2.6056296000
        0.9500086341        2.7321167812       -2.5566516000
        0.9750187072        2.7408067812       -2.5076736000
        1.0000000000        2.7494867812       -2.4586956000
 
        0.0000000000        2.4020267812       -3.6096786000
        0.0250100731        2.4107167812       -3.6083181000
        0.0499913659        2.4193967812       -3.6055971000
        0.0750014390        2.4280867812       -3.6015156000
        0.1000115121        2.4367767812       -3.5960736000
        0.1249928049        2.4454567812       -3.5892711000
        0.1500028780        2.4541467812       -3.5797476000
        0.1750129511        2.4628367812       -3.5702241000
        0.1999942439        2.4715167812       -3.5579796000
        0.2250043170        2.4802067812       -3.5443746000
        0.2500143901        2.4888967812       -3.5294091000
        0.2749956830        2.4975767812       -3.5117226000
        0.3000057561        2.5062667812       -3.4940361000
        0.3250158292        2.5149567812       -3.4736286000
        0.3499971220        2.5236367812       -3.4532211000
        0.3750071951        2.5323267812       -3.4300926000
        0.4000172682        2.5410167812       -3.4056036000
        0.4249985610        2.5496967812       -3.3797541000
        0.4500086341        2.5583867812       -3.3525441000
        0.4750187072        2.5670767812       -3.3239736000
        0.5000000000        2.5757567812       -3.2940426000
        0.5250100731        2.5844467812       -3.2627511000
        0.5500201462        2.5931367812       -3.2300991000
        0.5750014390        2.6018167812       -3.1960866000
        0.6000115121        2.6105067812       -3.1607136000
        0.6249928049        2.6191867812       -3.1239801000
        0.6500028780        2.6278767812       -3.0872466000
        0.6750129511        2.6365667812       -3.0477921000
        0.6999942439        2.6452467812       -3.0083376000
        0.7250043170        2.6539367812       -2.9675226000
        0.7500143901        2.6626267812       -2.9253471000
        0.7749956830        2.6713067812       -2.8818111000
        0.8000057561        2.6799967812       -2.8382751000
        0.8250158292        2.6886867812       -2.7933786000
        0.8499971220        2.6973667812       -2.7471216000
        0.8750071951        2.7060567812       -2.7008646000
        0.9000172682        2.7147467812       -2.6532471000
        0.9249985610        2.7234267812       -2.6056296000
        0.9500086341        2.7321167812       -2.5566516000
        0.9750187072        2.7408067812       -2.5076736000
        1.0000000000        2.7494867812       -2.4586956000
 
        0.0000000000        2.4020267812       -1.2995496000
        0.0250100731        2.4107167812       -1.2995496000
        0.0499913659        2.4193967812       -1.3022706000
        0.0750014390        2.4280867812       -1.3077126000
        0.1000115121        2.4367767812       -1.3131546000
        0.1249928049        2.4454567812       -1.3199571000
        0.1500028780        2.4541467812       -1.3281201000
        0.1750129511        2.4628367812       -1.3376436000
        0.1999942439        2.4715167812       -1.3485276000
        0.2250043170        2.4802067812       -1.3594116000
        0.2500143901        2.4888967812       -1.3702956000
        0.2749956830        2.4975767812       -1.3825401000
        0.3000057561        2.5062667812       -1.3934241000
        0.3250158292        2.5149567812       -1.4056686000
        0.3499971220        2.5236367812       -1.4165526000
        0.3750071951        2.5323267812       -1.4274366000
        0.4000172682        2.5410167812       -1.4383206000
        0.4249985610        2.5496967812       -1.4478441000
        0.4500086341        2.5583867812       -1.4573676000
        0.4750187072        2.5670767812       -1.4668911000
        0.5000000000        2.5757567812       -1.4941011000
        0.5250100731        2.5844467812       -1.5362766000
        0.5500201462        2.5931367812       -1.5798126000
        0.5750014390        2.6018167812       -1.6233486000
        0.6000115121        2.6105067812       -1.6682451000
        0.6249928049        2.6191867812       -1.7145021000
        0.6500028780        2.6278767812       -1.7621196000
        0.6750129511        2.6365667812       -1.8097371000
        0.6999942439        2.6452467812       -1.8587151000
        0.7250043170        2.6539367812       -1.9076931000
        0.7500143901        2.6626267812       -1.9566711000
        0.7749956830        2.6713067812       -2.0070096000
        0.8000057561        2.6799967812       -2.0573481000
        0.8250158292        2.6886867812       -2.1076866000
        0.8499971220        2.6973667812       -2.1580251000
        0.8750071951        2.7060567812       -2.2083636000
        0.9000172682        2.7147467812       -2.2600626000
        0.9249985610        2.7234267812       -2.3076801000
        0.9500086341        2.7321167812       -2.3580186000
        0.9750187072        2.7408067812       -2.4083571000
        1.0000000000        2.7494867812       -2.4586956000
 
        0.0000000000        2.4020267812       -1.2995496000
        0.0250100731        2.4107167812       -1.2995496000
        0.0499913659        2.4193967812       -1.3022706000
        0.0750014390        2.4280867812       -1.3077126000
        0.1000115121        2.4367767812       -1.3131546000
        0.1249928049        2.4454567812       -1.3199571000
        0.1500028780        2.4541467812       -1.3281201000
        0.1750129511        2.4628367812       -1.3376436000
        0.1999942439        2.4715167812       -1.3485276000
        0.2250043170        2.4802067812       -1.3594116000
        0.2500143901        2.4888967812       -1.3702956000
        0.2749956830        2.4975767812       -1.3825401000
        0.3000057561        2.5062667812       -1.3934241000
        0.3250158292        2.5149567812       -1.4056686000
        0.3499971220        2.5236367812       -1.4165526000
        0.3750071951        2.5323267812       -1.4274366000
        0.4000172682        2.5410167812       -1.4383206000
        0.4249985610        2.5496967812       -1.4478441000
        0.4500086341        2.5583867812       -1.4573676000
        0.4750187072        2.5670767812       -1.4668911000
        0.5000000000        2.5757567812       -1.4941011000
        0.5250100731        2.5844467812       -1.5362766000
        0.5500201462        2.5931367812       -1.5798126000
        0.5750014390        2.6018167812       -1.6233486000
        0.6000115121        2.6105067812       -1.6682451000
        0.6249928049        2.6191867812       -1.7145021000
        0.6500028780        2.6278767812       -1.7621196000
        0.6750129511        2.6365667812       -1.8097371000
        0.6999942439        2.6452467812       -1.8587151000
        0.7250043170        2.6539367812       -1.9076931000
        0.7500143901        2.6626267812       -1.9566711000
        0.7749956830        2.6713067812       -2.0070096000
        0.8000057561        2.6799967812       -2.0573481000
        0.8250158292        2.6886867812       -2.1076866000
        0.8499971220        2.6973667812       -2.1580251000
        0.8750071951        2.7060567812       -2.2083636000
        0.9000172682        2.7147467812       -2.2600626000
        0.9249985610        2.7234267812       -2.3076801000
        0.9500086341        2.7321167812       -2.3580186000
        0.9750187072        2.7408067812       -2.4083571000
        1.0000000000        2.7494867812       -2.4586956000
 
        0.0000000000        2.4020267812       -1.0464966000
        0.0250100731        2.4107167812       -1.0464966000
        0.0499913659        2.4193967812       -1.0505781000
        0.0750014390        2.4280867812       -1.0573806000
        0.1000115121        2.4367767812       -1.0655436000
        0.1249928049        2.4454567812       -1.0764276000
        0.1500028780        2.4541467812       -1.0900326000
        0.1750129511        2.4628367812       -1.1049981000
        0.1999942439        2.4715167812       -1.1226846000
        0.2250043170        2.4802067812       -1.1430921000
        0.2500143901        2.4888967812       -1.1662206000
        0.2749956830        2.4975767812       -1.1907096000
        0.3000057561        2.5062667812       -1.2165591000
        0.3250158292        2.5149567812       -1.2451296000
        0.3499971220        2.5236367812       -1.2750606000
        0.3750071951        2.5323267812       -1.3077126000
        0.4000172682        2.5410167812       -1.3417251000
        0.4249985610        2.5496967812       -1.3784586000
        0.4500086341        2.5583867812       -1.4151921000
        0.4750187072        2.5670767812       -1.4546466000
        0.5000000000        2.5757567812       -1.4750541000
        0.5250100731        2.5844467812       -1.4832171000
        0.5500201462        2.5931367812       -1.4913801000
        0.5750014390        2.6018167812       -1.4981826000
        0.6000115121        2.6105067812       -1.5036246000
        0.6249928049        2.6191867812       -1.5104271000
        0.6500028780        2.6278767812       -1.5145086000
        0.6750129511        2.6365667812       -1.5199506000
        0.6999942439        2.6452467812       -1.5240321000
        0.7250043170        2.6539367812       -1.5281136000
        0.7500143901        2.6626267812       -1.5308346000
        0.7749956830        2.6713067812       -1.5335556000
        0.8000057561        2.6799967812       -1.5362766000
        0.8250158292        2.6886867812       -1.5389976000
        0.8499971220        2.6973667812       -1.5403581000
        0.8750071951        2.7060567812       -1.5417186000
        0.9000172682        2.7147467812       -1.5430791000
        0.9249985610        2.7234267812       -1.5444396000
        0.9500086341        2.7321167812       -1.5444396000
        0.9750187072        2.7408067812       -1.5458001000
        1.0000000000        2.7494867812       -1.5458001000
 
        0.0000000000        2.4020267812       -1.0464966000
        0.0250100731        2.4107167812       -1.0464966000
        0.0499913659        2.4193967812       -1.0505781000
        0.0750014390        2.4280867812       -1.0573806000
        0.1000115121        2.4367767812       -1.0655436000
        0.1249928049        2.4454567812       -1.0764276000
        0.1500028780        2.4541467812       -1.0900326000
        0.1750129511        2.4628367812       -1.1049981000
        0.1999942439        2.4715167812       -1.1226846000
        0.2250043170        2.4802067812       -1.1430921000
        0.2500143901        2.4888967812       -1.1662206000
        0.2749956830        2.4975767812       -1.1907096000
        0.3000057561        2.5062667812       -1.2165591000
        0.3250158292        2.5149567812       -1.2451296000
        0.3499971220        2.5236367812       -1.2750606000
        0.3750071951        2.5323267812       -1.3077126000
        0.4000172682        2.5410167812       -1.3417251000
        0.4249985610        2.5496967812       -1.3784586000
        0.4500086341        2.5583867812       -1.4151921000
        0.4750187072        2.5670767812       -1.4546466000
        0.5000000000        2.5757567812       -1.4750541000
        0.5250100731        2.5844467812       -1.4832171000
        0.5500201462        2.5931367812       -1.4913801000
        0.5750014390        2.6018167812       -1.4981826000
        0.6000115121        2.6105067812       -1.5036246000
        0.6249928049        2.6191867812       -1.5104271000
        0.6500028780        2.6278767812       -1.5145086000
        0.6750129511        2.6365667812       -1.5199506000
        0.6999942439        2.6452467812       -1.5240321000
        0.7250043170        2.6539367812       -1.5281136000
        0.7500143901        2.6626267812       -1.5308346000
        0.7749956830        2.6713067812       -1.5335556000
        0.8000057561        2.6799967812       -1.5362766000
        0.8250158292        2.6886867812       -1.5389976000
        0.8499971220        2.6973667812       -1.5403581000
        0.8750071951        2.7060567812       -1.5417186000
        0.9000172682        2.7147467812       -1.5430791000
        0.9249985610        2.7234267812       -1.5444396000
        0.9500086341        2.7321167812       -1.5444396000
        0.9750187072        2.7408067812       -1.5458001000
        1.0000000000        2.7494867812       -1.5458001000
 
        0.0000000000        2.4020267812       -0.3839331000
        0.0250100731        2.4107167812       -0.3825726000
        0.0499913659        2.4193967812       -0.3798516000
        0.0750014390        2.4280867812       -0.3744096000
        0.1000115121        2.4367767812       -0.3662466000
        0.1249928049        2.4454567812       -0.3580836000
        0.1500028780        2.4541467812       -0.3471996000
        0.1750129511        2.4628367812       -0.3349551000
        0.1999942439        2.4715167812       -0.3213501000
        0.2250043170        2.4802067812       -0.3063846000
        0.2500143901        2.4888967812       -0.2914191000
        0.2749956830        2.4975767812       -0.2764536000
        0.3000057561        2.5062667812       -0.2601276000
        0.3250158292        2.5149567812       -0.2438016000
        0.3499971220        2.5236367812       -0.2288361000
        0.3750071951        2.5323267812       -0.2125101000
        0.4000172682        2.5410167812       -0.1961841000
        0.4249985610        2.5496967812       -0.1812186000
        0.4500086341        2.5583867812       -0.1662531000
        0.4750187072        2.5670767812       -0.1512876000
        0.5000000000        2.5757567812       -0.1376826000
        0.5250100731        2.5844467812       -0.1240776000
        0.5500201462        2.5931367812       -0.1104726000
        0.5750014390        2.6018167812       -0.0982281000
        0.6000115121        2.6105067812       -0.0873441000
        0.6249928049        2.6191867812       -0.0764601000
        0.6500028780        2.6278767812       -0.0669366000
        0.6750129511        2.6365667812       -0.0574131000
        0.6999942439        2.6452467812       -0.0492501000
        0.7250043170        2.6539367812       -0.0410871000
        0.7500143901        2.6626267812       -0.0329241000
        0.7749956830        2.6713067812       -0.0274821000
        0.8000057561        2.6799967812       -0.0206796000
        0.8250158292        2.6886867812       -0.0165981000
        0.8499971220        2.6973667812       -0.0125166000
        0.8750071951        2.7060567812       -0.0084351000
        0.9000172682        2.7147467812       -0.0057141000
        0.9249985610        2.7234267812       -0.0029931000
        0.9500086341        2.7321167812       -0.0016326000
        0.9750187072        2.7408067812       -0.0002721000
        1.0000000000        2.7494867812       -0.0002721000
 
        0.0000000000        2.4020267812       -0.3839331000
        0.0250100731        2.4107167812       -0.3825726000
        0.0499913659        2.4193967812       -0.3798516000
        0.0750014390        2.4280867812       -0.3744096000
        0.1000115121        2.4367767812       -0.3662466000
        0.1249928049        2.4454567812       -0.3580836000
        0.1500028780        2.4541467812       -0.3471996000
        0.1750129511        2.4628367812       -0.3349551000
        0.1999942439        2.4715167812       -0.3213501000
        0.2250043170        2.4802067812       -0.3063846000
        0.2500143901        2.4888967812       -0.2914191000
        0.2749956830        2.4975767812       -0.2764536000
        0.3000057561        2.5062667812       -0.2601276000
        0.3250158292        2.5149567812       -0.2438016000
        0.3499971220        2.5236367812       -0.2288361000
        0.3750071951        2.5323267812       -0.2125101000
        0.4000172682        2.5410167812       -0.1961841000
        0.4249985610        2.5496967812       -0.1812186000
        0.4500086341        2.5583867812       -0.1662531000
        0.4750187072        2.5670767812       -0.1512876000
        0.5000000000        2.5757567812       -0.1376826000
        0.5250100731        2.5844467812       -0.1240776000
        0.5500201462        2.5931367812       -0.1104726000
        0.5750014390        2.6018167812       -0.0982281000
        0.6000115121        2.6105067812       -0.0873441000
        0.6249928049        2.6191867812       -0.0764601000
        0.6500028780        2.6278767812       -0.0669366000
        0.6750129511        2.6365667812       -0.0574131000
        0.6999942439        2.6452467812       -0.0492501000
        0.7250043170        2.6539367812       -0.0410871000
        0.7500143901        2.6626267812       -0.0329241000
        0.7749956830        2.6713067812       -0.0274821000
        0.8000057561        2.6799967812       -0.0206796000
        0.8250158292        2.6886867812       -0.0165981000
        0.8499971220        2.6973667812       -0.0125166000
        0.8750071951        2.7060567812       -0.0084351000
        0.9000172682        2.7147467812       -0.0057141000
        0.9249985610        2.7234267812       -0.0029931000
        0.9500086341        2.7321167812       -0.0016326000
        0.9750187072        2.7408067812       -0.0002721000
        1.0000000000        2.7494867812       -0.0002721000
 
        0.0000000000        2.4020267812        8.2946964000
        0.0250100731        2.4107167812        8.2960569000
        0.0499913659        2.4193967812        8.2987779000
        0.0750014390        2.4280867812        8.3028594000
        0.1000115121        2.4367767812        8.3096619000
        0.1249928049        2.4454567812        8.3178249000
        0.1500028780        2.4541467812        8.3273484000
        0.1750129511        2.4628367812        8.3382324000
        0.1999942439        2.4715167812        8.3504769000
        0.2250043170        2.4802067812        8.3654424000
        0.2500143901        2.4888967812        8.3817684000
        0.2749956830        2.4975767812        8.3994549000
        0.3000057561        2.5062667812        8.4185019000
        0.3250158292        2.5149567812        8.4389094000
        0.3499971220        2.5236367812        8.4606774000
        0.3750071951        2.5323267812        8.4838059000
        0.4000172682        2.5410167812        8.5082949000
        0.4249985610        2.5496967812        8.5341444000
        0.4500086341        2.5583867812        8.5599939000
        0.4750187072        2.5670767812        8.5872039000
        0.5000000000        2.5757567812        8.6157744000
        0.5250100731        2.5844467812        8.6443449000
        0.5500201462        2.5931367812        8.6742759000
        0.5750014390        2.6018167812        8.7042069000
        0.6000115121        2.6105067812        8.7354984000
        0.6249928049        2.6191867812        8.7654294000
        0.6500028780        2.6278767812        8.7967209000
        0.6750129511        2.6365667812        8.8280124000
        0.6999942439        2.6452467812        8.8593039000
        0.7250043170        2.6539367812        8.8905954000
        0.7500143901        2.6626267812        8.9259684000
        0.7749956830        2.6713067812        8.9572599000
        0.8000057561        2.6799967812        8.9871909000
        0.8250158292        2.6886867812        9.0157614000
        0.8499971220        2.6973667812        9.0443319000
        0.8750071951        2.7060567812        9.0715419000
        0.9000172682        2.7147467812        9.0960309000
        0.9249985610        2.7234267812        9.1191594000
        0.9500086341        2.7321167812        9.1368459000
        0.9750187072        2.7408067812        9.1504509000
        1.0000000000        2.7494867812        9.1545324000
 
        0.0000000000        2.4020267812        8.2946964000
        0.0250100731        2.4107167812        8.2960569000
        0.0499913659        2.4193967812        8.2987779000
        0.0750014390        2.4280867812        8.3028594000
        0.1000115121        2.4367767812        8.3096619000
        0.1249928049        2.4454567812        8.3178249000
        0.1500028780        2.4541467812        8.3273484000
        0.1750129511        2.4628367812        8.3382324000
        0.1999942439        2.4715167812        8.3504769000
        0.2250043170        2.4802067812        8.3654424000
        0.2500143901        2.4888967812        8.3817684000
        0.2749956830        2.4975767812        8.3994549000
        0.3000057561        2.5062667812        8.4185019000
        0.3250158292        2.5149567812        8.4389094000
        0.3499971220        2.5236367812        8.4606774000
        0.3750071951        2.5323267812        8.4838059000
        0.4000172682        2.5410167812        8.5082949000
        0.4249985610        2.5496967812        8.5341444000
        0.4500086341        2.5583867812        8.5599939000
        0.4750187072        2.5670767812        8.5872039000
        0.5000000000        2.5757567812        8.6157744000
        0.5250100731        2.5844467812        8.6443449000
        0.5500201462        2.5931367812        8.6742759000
        0.5750014390        2.6018167812        8.7042069000
        0.6000115121        2.6105067812        8.7354984000
        0.6249928049        2.6191867812        8.7654294000
        0.6500028780        2.6278767812        8.7967209000
        0.6750129511        2.6365667812        8.8280124000
        0.6999942439        2.6452467812        8.8593039000
        0.7250043170        2.6539367812        8.8905954000
        0.7500143901        2.6626267812        8.9259684000
        0.7749956830        2.6713067812        8.9572599000
        0.8000057561        2.6799967812        8.9871909000
        0.8250158292        2.6886867812        9.0157614000
        0.8499971220        2.6973667812        9.0443319000
        0.8750071951        2.7060567812        9.0715419000
        0.9000172682        2.7147467812        9.0960309000
        0.9249985610        2.7234267812        9.1191594000
        0.9500086341        2.7321167812        9.1368459000
        0.9750187072        2.7408067812        9.1504509000
        1.0000000000        2.7494867812        9.1545324000
 
        0.0000000000        2.4020267812        9.6184629000
        0.0250100731        2.4107167812        9.6184629000
        0.0499913659        2.4193967812        9.6184629000
        0.0750014390        2.4280867812        9.6184629000
        0.1000115121        2.4367767812        9.6171024000
        0.1249928049        2.4454567812        9.6171024000
        0.1500028780        2.4541467812        9.6157419000
        0.1750129511        2.4628367812        9.6143814000
        0.1999942439        2.4715167812        9.6130209000
        0.2250043170        2.4802067812        9.6116604000
        0.2500143901        2.4888967812        9.6102999000
        0.2749956830        2.4975767812        9.6075789000
        0.3000057561        2.5062667812        9.6048579000
        0.3250158292        2.5149567812        9.6021369000
        0.3499971220        2.5236367812        9.5980554000
        0.3750071951        2.5323267812        9.5953344000
        0.4000172682        2.5410167812        9.5898924000
        0.4249985610        2.5496967812        9.5858109000
        0.4500086341        2.5583867812        9.5790084000
        0.4750187072        2.5670767812        9.5735664000
        0.5000000000        2.5757567812        9.5667639000
        0.5250100731        2.5844467812        9.5586009000
        0.5500201462        2.5931367812        9.5504379000
        0.5750014390        2.6018167812        9.5409144000
        0.6000115121        2.6105067812        9.5313909000
        0.6249928049        2.6191867812        9.5205069000
        0.6500028780        2.6278767812        9.5082624000
        0.6750129511        2.6365667812        9.4960179000
        0.6999942439        2.6452467812        9.4824129000
        0.7250043170        2.6539367812        9.4688079000
        0.7500143901        2.6626267812        9.4552029000
        0.7749956830        2.6713067812        9.4388769000
        0.8000057561        2.6799967812        9.4225509000
        0.8250158292        2.6886867812        9.4062249000
        0.8499971220        2.6973667812        9.3885384000
        0.8750071951        2.7060567812        9.3708519000
        0.9000172682        2.7147467812        9.3531654000
        0.9249985610        2.7234267812        9.3395604000
        0.9500086341        2.7321167812        9.3259554000
        0.9750187072        2.7408067812        9.3150714000
        1.0000000000        2.7494867812        9.3109899000
 
        0.0000000000        2.4020267812        9.6184629000
        0.0250100731        2.4107167812        9.6184629000
        0.0499913659        2.4193967812        9.6184629000
        0.0750014390        2.4280867812        9.6184629000
        0.1000115121        2.4367767812        9.6171024000
        0.1249928049        2.4454567812        9.6171024000
        0.1500028780        2.4541467812        9.6157419000
        0.1750129511        2.4628367812        9.6143814000
        0.1999942439        2.4715167812        9.6130209000
        0.2250043170        2.4802067812        9.6116604000
        0.2500143901        2.4888967812        9.6102999000
        0.2749956830        2.4975767812        9.6075789000
        0.3000057561        2.5062667812        9.6048579000
        0.3250158292        2.5149567812        9.6021369000
        0.3499971220        2.5236367812        9.5980554000
        0.3750071951        2.5323267812        9.5953344000
        0.4000172682        2.5410167812        9.5898924000
        0.4249985610        2.5496967812        9.5858109000
        0.4500086341        2.5583867812        9.5790084000
        0.4750187072        2.5670767812        9.5735664000
        0.5000000000        2.5757567812        9.5667639000
        0.5250100731        2.5844467812        9.5586009000
        0.5500201462        2.5931367812        9.5504379000
        0.5750014390        2.6018167812        9.5409144000
        0.6000115121        2.6105067812        9.5313909000
        0.6249928049        2.6191867812        9.5205069000
        0.6500028780        2.6278767812        9.5082624000
        0.6750129511        2.6365667812        9.4960179000
        0.6999942439        2.6452467812        9.4824129000
        0.7250043170        2.6539367812        9.4688079000
        0.7500143901        2.6626267812        9.4552029000
        0.7749956830        2.6713067812        9.4388769000
        0.8000057561        2.6799967812        9.4225509000
        0.8250158292        2.6886867812        9.4062249000
        0.8499971220        2.6973667812        9.3885384000
        0.8750071951        2.7060567812        9.3708519000
        0.9000172682        2.7147467812        9.3531654000
        0.9249985610        2.7234267812        9.3395604000
        0.9500086341        2.7321167812        9.3259554000
        0.9750187072        2.7408067812        9.3150714000
        1.0000000000        2.7494867812        9.3109899000
 
        0.0000000000        2.4020267812       10.8510759000
        0.0250100731        2.4107167812       10.8510759000
        0.0499913659        2.4193967812       10.8510759000
        0.0750014390        2.4280867812       10.8524364000
        0.1000115121        2.4367767812       10.8524364000
        0.1249928049        2.4454567812       10.8524364000
        0.1500028780        2.4541467812       10.8524364000
        0.1750129511        2.4628367812       10.8537969000
        0.1999942439        2.4715167812       10.8537969000
        0.2250043170        2.4802067812       10.8551574000
        0.2500143901        2.4888967812       10.8565179000
        0.2749956830        2.4975767812       10.8578784000
        0.3000057561        2.5062667812       10.8592389000
        0.3250158292        2.5149567812       10.8605994000
        0.3499971220        2.5236367812       10.8619599000
        0.3750071951        2.5323267812       10.8633204000
        0.4000172682        2.5410167812       10.8660414000
        0.4249985610        2.5496967812       10.8687624000
        0.4500086341        2.5583867812       10.8714834000
        0.4750187072        2.5670767812       10.8742044000
        0.5000000000        2.5757567812       10.8782859000
        0.5250100731        2.5844467812       10.8810069000
        0.5500201462        2.5931367812       10.8850884000
        0.5750014390        2.6018167812       10.8891699000
        0.6000115121        2.6105067812       10.8946119000
        0.6249928049        2.6191867812       10.9000539000
        0.6500028780        2.6278767812       10.9054959000
        0.6750129511        2.6365667812       10.9109379000
        0.6999942439        2.6452467812       10.9177404000
        0.7250043170        2.6539367812       10.9245429000
        0.7500143901        2.6626267812       10.9612764000
        0.7749956830        2.6713067812       10.9694394000
        0.8000057561        2.6799967812       10.9776024000
        0.8250158292        2.6886867812       10.9857654000
        0.8499971220        2.6973667812       10.9939284000
        0.8750071951        2.7060567812       11.0034519000
        0.9000172682        2.7147467812       11.0129754000
        0.9249985610        2.7234267812       11.0224989000
        0.9500086341        2.7321167812       11.0333829000
        0.9750187072        2.7408067812       11.0442669000
        1.0000000000        2.7494867812       11.0551509000
 
        0.0000000000        2.4020267812       10.8510759000
        0.0250100731        2.4107167812       10.8510759000
        0.0499913659        2.4193967812       10.8510759000
        0.0750014390        2.4280867812       10.8524364000
        0.1000115121        2.4367767812       10.8524364000
        0.1249928049        2.4454567812       10.8524364000
        0.1500028780        2.4541467812       10.8524364000
        0.1750129511        2.4628367812       10.8537969000
        0.1999942439        2.4715167812       10.8537969000
        0.2250043170        2.4802067812       10.8551574000
        0.2500143901        2.4888967812       10.8565179000
        0.2749956830        2.4975767812       10.8578784000
        0.3000057561        2.5062667812       10.8592389000
        0.3250158292        2.5149567812       10.8605994000
        0.3499971220        2.5236367812       10.8619599000
        0.3750071951        2.5323267812       10.8633204000
        0.4000172682        2.5410167812       10.8660414000
        0.4249985610        2.5496967812       10.8687624000
        0.4500086341        2.5583867812       10.8714834000
        0.4750187072        2.5670767812       10.8742044000
        0.5000000000        2.5757567812       10.8782859000
        0.5250100731        2.5844467812       10.8810069000
        0.5500201462        2.5931367812       10.8850884000
        0.5750014390        2.6018167812       10.8891699000
        0.6000115121        2.6105067812       10.8946119000
        0.6249928049        2.6191867812       10.9000539000
        0.6500028780        2.6278767812       10.9054959000
        0.6750129511        2.6365667812       10.9109379000
        0.6999942439        2.6452467812       10.9177404000
        0.7250043170        2.6539367812       10.9245429000
        0.7500143901        2.6626267812       10.9612764000
        0.7749956830        2.6713067812       10.9694394000
        0.8000057561        2.6799967812       10.9776024000
        0.8250158292        2.6886867812       10.9857654000
        0.8499971220        2.6973667812       10.9939284000
        0.8750071951        2.7060567812       11.0034519000
        0.9000172682        2.7147467812       11.0129754000
        0.9249985610        2.7234267812       11.0224989000
        0.9500086341        2.7321167812       11.0333829000
        0.9750187072        2.7408067812       11.0442669000
        1.0000000000        2.7494867812       11.0551509000
 
        0.0000000000        2.4020267812       11.5340469000
        0.0250100731        2.4107167812       11.5326864000
        0.0499913659        2.4193967812       11.5313259000
        0.0750014390        2.4280867812       11.5286049000
        0.1000115121        2.4367767812       11.5231629000
        0.1249928049        2.4454567812       11.5177209000
        0.1500028780        2.4541467812       11.5109184000
        0.1750129511        2.4628367812       11.5027554000
        0.1999942439        2.4715167812       11.4945924000
        0.2250043170        2.4802067812       11.4837084000
        0.2500143901        2.4888967812       11.4728244000
        0.2749956830        2.4975767812       11.4619404000
        0.3000057561        2.5062667812       11.4496959000
        0.3250158292        2.5149567812       11.4360909000
        0.3499971220        2.5236367812       11.4224859000
        0.3750071951        2.5323267812       11.4075204000
        0.4000172682        2.5410167812       11.3925549000
        0.4249985610        2.5496967812       11.3775894000
        0.4500086341        2.5583867812       11.3626239000
        0.4750187072        2.5670767812       11.3462979000
        0.5000000000        2.5757567812       11.3313324000
        0.5250100731        2.5844467812       11.3150064000
        0.5500201462        2.5931367812       11.2986804000
        0.5750014390        2.6018167812       11.2823544000
        0.6000115121        2.6105067812       11.2660284000
        0.6249928049        2.6191867812       11.2510629000
        0.6500028780        2.6278767812       11.2347369000
        0.6750129511        2.6365667812       11.2197714000
        0.6999942439        2.6452467812       11.2048059000
        0.7250043170        2.6539367812       11.1884799000
        0.7500143901        2.6626267812       11.1803169000
        0.7749956830        2.6713067812       11.1667119000
        0.8000057561        2.6799967812       11.1517464000
        0.8250158292        2.6886867812       11.1381414000
        0.8499971220        2.6973667812       11.1245364000
        0.8750071951        2.7060567812       11.1109314000
        0.9000172682        2.7147467812       11.0986869000
        0.9249985610        2.7234267812       11.0905239000
        0.9500086341        2.7321167812       11.0782794000
        0.9750187072        2.7408067812       11.0660349000
        1.0000000000        2.7494867812       11.0551509000
 
        0.0000000000        2.4020267812       11.5340469000
        0.0250100731        2.4107167812       11.5326864000
        0.0499913659        2.4193967812       11.5313259000
        0.0750014390        2.4280867812       11.5286049000
        0.1000115121        2.4367767812       11.5231629000
        0.1249928049        2.4454567812       11.5177209000
        0.1500028780        2.4541467812       11.5109184000
        0.1750129511        2.4628367812       11.5027554000
        0.1999942439        2.4715167812       11.4945924000
        0.2250043170        2.4802067812       11.4837084000
        0.2500143901        2.4888967812       11.4728244000
        0.2749956830        2.4975767812       11.4619404000
        0.3000057561        2.5062667812       11.4496959000
        0.3250158292        2.5149567812       11.4360909000
        0.3499971220        2.5236367812       11.4224859000
        0.3750071951        2.5323267812       11.4075204000
        0.4000172682        2.5410167812       11.3925549000
        0.4249985610        2.5496967812       11.3775894000
        0.4500086341        2.5583867812       11.3626239000
        0.4750187072        2.5670767812       11.3462979000
        0.5000000000        2.5757567812       11.3313324000
        0.5250100731        2.5844467812       11.3150064000
        0.5500201462        2.5931367812       11.2986804000
        0.5750014390        2.6018167812       11.2823544000
        0.6000115121        2.6105067812       11.2660284000
        0.6249928049        2.6191867812       11.2510629000
        0.6500028780        2.6278767812       11.2347369000
        0.6750129511        2.6365667812       11.2197714000
        0.6999942439        2.6452467812       11.2048059000
        0.7250043170        2.6539367812       11.1884799000
        0.7500143901        2.6626267812       11.1803169000
        0.7749956830        2.6713067812       11.1667119000
        0.8000057561        2.6799967812       11.1517464000
        0.8250158292        2.6886867812       11.1381414000
        0.8499971220        2.6973667812       11.1245364000
        0.8750071951        2.7060567812       11.1109314000
        0.9000172682        2.7147467812       11.0986869000
        0.9249985610        2.7234267812       11.0905239000
        0.9500086341        2.7321167812       11.0782794000
        0.9750187072        2.7408067812       11.0660349000
        1.0000000000        2.7494867812       11.0551509000
 
        0.0000000000        2.4020267812       12.8523714000
        0.0250100731        2.4107167812       12.8523714000
        0.0499913659        2.4193967812       12.8523714000
        0.0750014390        2.4280867812       12.8550924000
        0.1000115121        2.4367767812       12.8564529000
        0.1249928049        2.4454567812       12.8591739000
        0.1500028780        2.4541467812       12.8632554000
        0.1750129511        2.4628367812       12.8673369000
        0.1999942439        2.4715167812       12.8714184000
        0.2250043170        2.4802067812       12.8754999000
        0.2500143901        2.4888967812       12.8809419000
        0.2749956830        2.4975767812       12.8877444000
        0.3000057561        2.5062667812       12.8931864000
        0.3250158292        2.5149567812       12.8999889000
        0.3499971220        2.5236367812       12.9067914000
        0.3750071951        2.5323267812       12.9149544000
        0.4000172682        2.5410167812       12.9217569000
        0.4249985610        2.5496967812       12.9299199000
        0.4500086341        2.5583867812       12.9380829000
        0.4750187072        2.5670767812       12.9448854000
        0.5000000000        2.5757567812       12.9530484000
        0.5250100731        2.5844467812       12.9612114000
        0.5500201462        2.5931367812       12.9693744000
        0.5750014390        2.6018167812       12.9775374000
        0.6000115121        2.6105067812       12.9857004000
        0.6249928049        2.6191867812       12.9925029000
        0.6500028780        2.6278767812       12.9993054000
        0.6750129511        2.6365667812       13.0074684000
        0.6999942439        2.6452467812       13.0129104000
        0.7250043170        2.6539367812       13.0197129000
        0.7500143901        2.6626267812       13.0428414000
        0.7749956830        2.6713067812       13.0482834000
        0.8000057561        2.6799967812       13.0537254000
        0.8250158292        2.6886867812       13.0578069000
        0.8499971220        2.6973667812       13.0618884000
        0.8750071951        2.7060567812       13.0646094000
        0.9000172682        2.7147467812       13.0673304000
        0.9249985610        2.7234267812       13.0700514000
        0.9500086341        2.7321167812       13.0714119000
        0.9750187072        2.7408067812       13.0727724000
        1.0000000000        2.7494867812       13.0727724000
 
        0.0000000000        2.4020267812       12.8523714000
        0.0250100731        2.4107167812       12.8523714000
        0.0499913659        2.4193967812       12.8523714000
        0.0750014390        2.4280867812       12.8550924000
        0.1000115121        2.4367767812       12.8564529000
        0.1249928049        2.4454567812       12.8591739000
        0.1500028780        2.4541467812       12.8632554000
        0.1750129511        2.4628367812       12.8673369000
        0.1999942439        2.4715167812       12.8714184000
        0.2250043170        2.4802067812       12.8754999000
        0.2500143901        2.4888967812       12.8809419000
        0.2749956830        2.4975767812       12.8877444000
        0.3000057561        2.5062667812       12.8931864000
        0.3250158292        2.5149567812       12.8999889000
        0.3499971220        2.5236367812       12.9067914000
        0.3750071951        2.5323267812       12.9149544000
        0.4000172682        2.5410167812       12.9217569000
        0.4249985610        2.5496967812       12.9299199000
        0.4500086341        2.5583867812       12.9380829000
        0.4750187072        2.5670767812       12.9448854000
        0.5000000000        2.5757567812       12.9530484000
        0.5250100731        2.5844467812       12.9612114000
        0.5500201462        2.5931367812       12.9693744000
        0.5750014390        2.6018167812       12.9775374000
        0.6000115121        2.6105067812       12.9857004000
        0.6249928049        2.6191867812       12.9925029000
        0.6500028780        2.6278767812       12.9993054000
        0.6750129511        2.6365667812       13.0074684000
        0.6999942439        2.6452467812       13.0129104000
        0.7250043170        2.6539367812       13.0197129000
        0.7500143901        2.6626267812       13.0428414000
        0.7749956830        2.6713067812       13.0482834000
        0.8000057561        2.6799967812       13.0537254000
        0.8250158292        2.6886867812       13.0578069000
        0.8499971220        2.6973667812       13.0618884000
        0.8750071951        2.7060567812       13.0646094000
        0.9000172682        2.7147467812       13.0686909000
        0.9249985610        2.7234267812       13.0700514000
        0.9500086341        2.7321167812       13.0714119000
        0.9750187072        2.7408067812       13.0727724000
        1.0000000000        2.7494867812       13.0727724000
 
