        0.0000000000        0.0000000000      -12.3791895000
        0.0416731619        0.0240600000      -12.3778290000
        0.0833290032        0.0481100000      -12.3751080000
        0.1250021651        0.0721700000      -12.3710265000
        0.1666753269        0.0962300000      -12.3642240000
        0.2083311683        0.1202800000      -12.3574215000
        0.2500043301        0.1443400000      -12.3492585000
        0.2916601715        0.1683900000      -12.3383745000
        0.3333333333        0.1924500000      -12.3288510000
        0.3750064952        0.2165100000      -12.3179670000
        0.4166623365        0.2405600000      -12.3057225000
        0.4583354984        0.2646200000      -12.2948385000
        0.5000086603        0.2886800000      -12.2839545000
        0.5416645016        0.3127300000      -12.2730705000
        0.5833376635        0.3367900000      -12.2621865000
        0.6249935048        0.3608400000      -12.2526630000
        0.6666666667        0.3849000000      -12.2431395000
        0.7083398285        0.4089600000      -12.2349765000
        0.7499956699        0.4330100000      -12.2281740000
        0.7916688317        0.4570700000      -12.2227320000
        0.8333419936        0.4811300000      -12.2172900000
        0.8749978349        0.5051800000      -12.2145690000
        0.9166709968        0.5292400000      -12.2104875000
        0.9583268381        0.5532900000      -12.2091270000
        1.0000000000        0.5773500000      -12.2091270000
 
        0.0000000000        0.0000000000      -12.3791895000
        0.0416731619        0.0240600000      -12.3778290000
        0.0833290032        0.0481100000      -12.3751080000
        0.1250021651        0.0721700000      -12.3710265000
        0.1666753269        0.0962300000      -12.3642240000
        0.2083311683        0.1202800000      -12.3574215000
        0.2500043301        0.1443400000      -12.3492585000
        0.2916601715        0.1683900000      -12.3383745000
        0.3333333333        0.1924500000      -12.3288510000
        0.3750064952        0.2165100000      -12.3179670000
        0.4166623365        0.2405600000      -12.3057225000
        0.4583354984        0.2646200000      -12.2948385000
        0.5000086603        0.2886800000      -12.2839545000
        0.5416645016        0.3127300000      -12.2730705000
        0.5833376635        0.3367900000      -12.2621865000
        0.6249935048        0.3608400000      -12.2526630000
        0.6666666667        0.3849000000      -12.2431395000
        0.7083398285        0.4089600000      -12.2349765000
        0.7499956699        0.4330100000      -12.2281740000
        0.7916688317        0.4570700000      -12.2227320000
        0.8333419936        0.4811300000      -12.2172900000
        0.8749978349        0.5051800000      -12.2145690000
        0.9166709968        0.5292400000      -12.2104875000
        0.9583268381        0.5532900000      -12.2091270000
        1.0000000000        0.5773500000      -12.2091270000
 
        0.0000000000        0.0000000000       -9.6813180000
        0.0416731619        0.0240600000       -9.6799575000
        0.0833290032        0.0481100000       -9.6785970000
        0.1250021651        0.0721700000       -9.6758760000
        0.1666753269        0.0962300000       -9.6717945000
        0.2083311683        0.1202800000       -9.6677130000
        0.2500043301        0.1443400000       -9.6622710000
        0.2916601715        0.1683900000       -9.6554685000
        0.3333333333        0.1924500000       -9.6500265000
        0.3750064952        0.2165100000       -9.6432240000
        0.4166623365        0.2405600000       -9.6377820000
        0.4583354984        0.2646200000       -9.6323400000
        0.5000086603        0.2886800000       -9.6268980000
        0.5416645016        0.3127300000       -9.6228165000
        0.5833376635        0.3367900000       -9.6200955000
        0.6249935048        0.3608400000       -9.6173745000
        0.6666666667        0.3849000000       -9.6160140000
        0.7083398285        0.4089600000       -9.6160140000
        0.7499956699        0.4330100000       -9.6146535000
        0.7916688317        0.4570700000       -9.6146535000
        0.8333419936        0.4811300000       -9.6146535000
        0.8749978349        0.5051800000       -9.6146535000
        0.9166709968        0.5292400000       -9.6146535000
        0.9583268381        0.5532900000       -9.6146535000
        1.0000000000        0.5773500000       -9.6146535000
 
        0.0000000000        0.0000000000       -9.6813180000
        0.0416731619        0.0240600000       -9.6799575000
        0.0833290032        0.0481100000       -9.6785970000
        0.1250021651        0.0721700000       -9.6758760000
        0.1666753269        0.0962300000       -9.6717945000
        0.2083311683        0.1202800000       -9.6677130000
        0.2500043301        0.1443400000       -9.6622710000
        0.2916601715        0.1683900000       -9.6554685000
        0.3333333333        0.1924500000       -9.6500265000
        0.3750064952        0.2165100000       -9.6432240000
        0.4166623365        0.2405600000       -9.6377820000
        0.4583354984        0.2646200000       -9.6323400000
        0.5000086603        0.2886800000       -9.6268980000
        0.5416645016        0.3127300000       -9.6228165000
        0.5833376635        0.3367900000       -9.6200955000
        0.6249935048        0.3608400000       -9.6173745000
        0.6666666667        0.3849000000       -9.6160140000
        0.7083398285        0.4089600000       -9.6160140000
        0.7499956699        0.4330100000       -9.6146535000
        0.7916688317        0.4570700000       -9.6146535000
        0.8333419936        0.4811300000       -9.6146535000
        0.8749978349        0.5051800000       -9.6146535000
        0.9166709968        0.5292400000       -9.6146535000
        0.9583268381        0.5532900000       -9.6146535000
        1.0000000000        0.5773500000       -9.6146535000
 
        0.0000000000        0.0000000000       -9.6813180000
        0.0416731619        0.0240600000       -9.6799575000
        0.0833290032        0.0481100000       -9.6785970000
        0.1250021651        0.0721700000       -9.6745155000
        0.1666753269        0.0962300000       -9.6704340000
        0.2083311683        0.1202800000       -9.6649920000
        0.2500043301        0.1443400000       -9.6581895000
        0.2916601715        0.1683900000       -9.6500265000
        0.3333333333        0.1924500000       -9.6418635000
        0.3750064952        0.2165100000       -9.6337005000
        0.4166623365        0.2405600000       -9.6255375000
        0.4583354984        0.2646200000       -9.6160140000
        0.5000086603        0.2886800000       -9.6064905000
        0.5416645016        0.3127300000       -9.5983275000
        0.5833376635        0.3367900000       -9.5901645000
        0.6249935048        0.3608400000       -9.5820015000
        0.6666666667        0.3849000000       -9.5751990000
        0.7083398285        0.4089600000       -9.5683965000
        0.7499956699        0.4330100000       -9.5629545000
        0.7916688317        0.4570700000       -9.5588730000
        0.8333419936        0.4811300000       -9.5547915000
        0.8749978349        0.5051800000       -9.5520705000
        0.9166709968        0.5292400000       -9.5493495000
        0.9583268381        0.5532900000       -9.5479890000
        1.0000000000        0.5773500000       -9.5479890000
 
        0.0000000000        0.0000000000       -9.6813180000
        0.0416731619        0.0240600000       -9.6799575000
        0.0833290032        0.0481100000       -9.6785970000
        0.1250021651        0.0721700000       -9.6745155000
        0.1666753269        0.0962300000       -9.6704340000
        0.2083311683        0.1202800000       -9.6649920000
        0.2500043301        0.1443400000       -9.6581895000
        0.2916601715        0.1683900000       -9.6500265000
        0.3333333333        0.1924500000       -9.6418635000
        0.3750064952        0.2165100000       -9.6337005000
        0.4166623365        0.2405600000       -9.6255375000
        0.4583354984        0.2646200000       -9.6160140000
        0.5000086603        0.2886800000       -9.6064905000
        0.5416645016        0.3127300000       -9.5983275000
        0.5833376635        0.3367900000       -9.5901645000
        0.6249935048        0.3608400000       -9.5820015000
        0.6666666667        0.3849000000       -9.5751990000
        0.7083398285        0.4089600000       -9.5683965000
        0.7499956699        0.4330100000       -9.5629545000
        0.7916688317        0.4570700000       -9.5588730000
        0.8333419936        0.4811300000       -9.5547915000
        0.8749978349        0.5051800000       -9.5520705000
        0.9166709968        0.5292400000       -9.5493495000
        0.9583268381        0.5532900000       -9.5479890000
        1.0000000000        0.5773500000       -9.5479890000
 
        0.0000000000        0.0000000000       -9.4173810000
        0.0416731619        0.0240600000       -9.4201020000
        0.0833290032        0.0481100000       -9.4255440000
        0.1250021651        0.0721700000       -9.4309860000
        0.1666753269        0.0962300000       -9.4364280000
        0.2083311683        0.1202800000       -9.4418700000
        0.2500043301        0.1443400000       -9.4459515000
        0.2916601715        0.1683900000       -9.4486725000
        0.3333333333        0.1924500000       -9.4513935000
        0.3750064952        0.2165100000       -9.4541145000
        0.4166623365        0.2405600000       -9.4541145000
        0.4583354984        0.2646200000       -9.4541145000
        0.5000086603        0.2886800000       -9.4541145000
        0.5416645016        0.3127300000       -9.4527540000
        0.5833376635        0.3367900000       -9.4500330000
        0.6249935048        0.3608400000       -9.4473120000
        0.6666666667        0.3849000000       -9.4432305000
        0.7083398285        0.4089600000       -9.4405095000
        0.7499956699        0.4330100000       -9.4364280000
        0.7916688317        0.4570700000       -9.4337070000
        0.8333419936        0.4811300000       -9.4309860000
        0.8749978349        0.5051800000       -9.4282650000
        0.9166709968        0.5292400000       -9.4269045000
        0.9583268381        0.5532900000       -9.4255440000
        1.0000000000        0.5773500000       -9.4255440000
 
        0.0000000000        0.0000000000       -9.4173810000
        0.0416731619        0.0240600000       -9.4201020000
        0.0833290032        0.0481100000       -9.4255440000
        0.1250021651        0.0721700000       -9.4309860000
        0.1666753269        0.0962300000       -9.4364280000
        0.2083311683        0.1202800000       -9.4418700000
        0.2500043301        0.1443400000       -9.4459515000
        0.2916601715        0.1683900000       -9.4486725000
        0.3333333333        0.1924500000       -9.4513935000
        0.3750064952        0.2165100000       -9.4541145000
        0.4166623365        0.2405600000       -9.4541145000
        0.4583354984        0.2646200000       -9.4541145000
        0.5000086603        0.2886800000       -9.4541145000
        0.5416645016        0.3127300000       -9.4527540000
        0.5833376635        0.3367900000       -9.4500330000
        0.6249935048        0.3608400000       -9.4473120000
        0.6666666667        0.3849000000       -9.4432305000
        0.7083398285        0.4089600000       -9.4405095000
        0.7499956699        0.4330100000       -9.4364280000
        0.7916688317        0.4570700000       -9.4337070000
        0.8333419936        0.4811300000       -9.4309860000
        0.8749978349        0.5051800000       -9.4282650000
        0.9166709968        0.5292400000       -9.4269045000
        0.9583268381        0.5532900000       -9.4255440000
        1.0000000000        0.5773500000       -9.4255440000
 
        0.0000000000        0.0000000000       -9.3847290000
        0.0416731619        0.0240600000       -9.3847290000
        0.0833290032        0.0481100000       -9.3847290000
        0.1250021651        0.0721700000       -9.3847290000
        0.1666753269        0.0962300000       -9.3847290000
        0.2083311683        0.1202800000       -9.3847290000
        0.2500043301        0.1443400000       -9.3847290000
        0.2916601715        0.1683900000       -9.3833685000
        0.3333333333        0.1924500000       -9.3833685000
        0.3750064952        0.2165100000       -9.3820080000
        0.4166623365        0.2405600000       -9.3806475000
        0.4583354984        0.2646200000       -9.3792870000
        0.5000086603        0.2886800000       -9.3779265000
        0.5416645016        0.3127300000       -9.3765660000
        0.5833376635        0.3367900000       -9.3738450000
        0.6249935048        0.3608400000       -9.3711240000
        0.6666666667        0.3849000000       -9.3697635000
        0.7083398285        0.4089600000       -9.3670425000
        0.7499956699        0.4330100000       -9.3643215000
        0.7916688317        0.4570700000       -9.3616005000
        0.8333419936        0.4811300000       -9.3588795000
        0.8749978349        0.5051800000       -9.3561585000
        0.9166709968        0.5292400000       -9.3547980000
        0.9583268381        0.5532900000       -9.3534375000
        1.0000000000        0.5773500000       -9.3520770000
 
        0.0000000000        0.0000000000       -9.3847290000
        0.0416731619        0.0240600000       -9.3847290000
        0.0833290032        0.0481100000       -9.3847290000
        0.1250021651        0.0721700000       -9.3847290000
        0.1666753269        0.0962300000       -9.3847290000
        0.2083311683        0.1202800000       -9.3847290000
        0.2500043301        0.1443400000       -9.3847290000
        0.2916601715        0.1683900000       -9.3833685000
        0.3333333333        0.1924500000       -9.3833685000
        0.3750064952        0.2165100000       -9.3820080000
        0.4166623365        0.2405600000       -9.3806475000
        0.4583354984        0.2646200000       -9.3792870000
        0.5000086603        0.2886800000       -9.3779265000
        0.5416645016        0.3127300000       -9.3765660000
        0.5833376635        0.3367900000       -9.3738450000
        0.6249935048        0.3608400000       -9.3711240000
        0.6666666667        0.3849000000       -9.3697635000
        0.7083398285        0.4089600000       -9.3670425000
        0.7499956699        0.4330100000       -9.3643215000
        0.7916688317        0.4570700000       -9.3616005000
        0.8333419936        0.4811300000       -9.3588795000
        0.8749978349        0.5051800000       -9.3561585000
        0.9166709968        0.5292400000       -9.3547980000
        0.9583268381        0.5532900000       -9.3534375000
        1.0000000000        0.5773500000       -9.3520770000
 
        0.0000000000        0.0000000000       -9.3847290000
        0.0416731619        0.0240600000       -9.3806475000
        0.0833290032        0.0481100000       -9.3724845000
        0.1250021651        0.0721700000       -9.3602400000
        0.1666753269        0.0962300000       -9.3439140000
        0.2083311683        0.1202800000       -9.3275880000
        0.2500043301        0.1443400000       -9.3071805000
        0.2916601715        0.1683900000       -9.2840520000
        0.3333333333        0.1924500000       -9.2595630000
        0.3750064952        0.2165100000       -9.2309925000
        0.4166623365        0.2405600000       -9.1997010000
        0.4583354984        0.2646200000       -9.1656885000
        0.5000086603        0.2886800000       -9.1289550000
        0.5416645016        0.3127300000       -9.0895005000
        0.5833376635        0.3367900000       -9.0486855000
        0.6249935048        0.3608400000       -9.0065100000
        0.6666666667        0.3849000000       -8.9643345000
        0.7083398285        0.4089600000       -8.9221590000
        0.7499956699        0.4330100000       -8.8813440000
        0.7916688317        0.4570700000       -8.8446105000
        0.8333419936        0.4811300000       -8.8105980000
        0.8749978349        0.5051800000       -8.7833880000
        0.9166709968        0.5292400000       -8.7629805000
        0.9583268381        0.5532900000       -8.7507360000
        1.0000000000        0.5773500000       -8.7452940000
 
        0.0000000000        0.0000000000       -9.3847290000
        0.0416731619        0.0240600000       -9.3806475000
        0.0833290032        0.0481100000       -9.3724845000
        0.1250021651        0.0721700000       -9.3602400000
        0.1666753269        0.0962300000       -9.3439140000
        0.2083311683        0.1202800000       -9.3275880000
        0.2500043301        0.1443400000       -9.3071805000
        0.2916601715        0.1683900000       -9.2840520000
        0.3333333333        0.1924500000       -9.2595630000
        0.3750064952        0.2165100000       -9.2309925000
        0.4166623365        0.2405600000       -9.1997010000
        0.4583354984        0.2646200000       -9.1656885000
        0.5000086603        0.2886800000       -9.1289550000
        0.5416645016        0.3127300000       -9.0895005000
        0.5833376635        0.3367900000       -9.0486855000
        0.6249935048        0.3608400000       -9.0065100000
        0.6666666667        0.3849000000       -8.9643345000
        0.7083398285        0.4089600000       -8.9221590000
        0.7499956699        0.4330100000       -8.8813440000
        0.7916688317        0.4570700000       -8.8446105000
        0.8333419936        0.4811300000       -8.8105980000
        0.8749978349        0.5051800000       -8.7833880000
        0.9166709968        0.5292400000       -8.7629805000
        0.9583268381        0.5532900000       -8.7507360000
        1.0000000000        0.5773500000       -8.7452940000
 
        0.0000000000        0.0000000000       -2.6502540000
        0.0416731619        0.0240600000       -2.6516145000
        0.0833290032        0.0481100000       -2.6556960000
        0.1250021651        0.0721700000       -2.6638590000
        0.1666753269        0.0962300000       -2.6761035000
        0.2083311683        0.1202800000       -2.6951505000
        0.2500043301        0.1443400000       -2.7237210000
        0.2916601715        0.1683900000       -2.7631755000
        0.3333333333        0.1924500000       -2.8175955000
        0.3750064952        0.2165100000       -2.8883415000
        0.4166623365        0.2405600000       -2.9781345000
        0.4583354984        0.2646200000       -3.0842535000
        0.5000086603        0.2886800000       -3.2053380000
        0.5416645016        0.3127300000       -3.3373065000
        0.5833376635        0.3367900000       -3.4747170000
        0.6249935048        0.3608400000       -3.6134880000
        0.6666666667        0.3849000000       -3.7508985000
        0.7083398285        0.4089600000       -3.8801460000
        0.7499956699        0.4330100000       -3.9998700000
        0.7916688317        0.4570700000       -4.1073495000
        0.8333419936        0.4811300000       -4.1998635000
        0.8749978349        0.5051800000       -4.2733305000
        0.9166709968        0.5292400000       -4.3277505000
        0.9583268381        0.5532900000       -4.3604025000
        1.0000000000        0.5773500000       -4.3712865000
 
        0.0000000000        0.0000000000       -2.6502540000
        0.0416731619        0.0240600000       -2.6516145000
        0.0833290032        0.0481100000       -2.6556960000
        0.1250021651        0.0721700000       -2.6638590000
        0.1666753269        0.0962300000       -2.6761035000
        0.2083311683        0.1202800000       -2.6951505000
        0.2500043301        0.1443400000       -2.7237210000
        0.2916601715        0.1683900000       -2.7631755000
        0.3333333333        0.1924500000       -2.8175955000
        0.3750064952        0.2165100000       -2.8883415000
        0.4166623365        0.2405600000       -2.9781345000
        0.4583354984        0.2646200000       -3.0842535000
        0.5000086603        0.2886800000       -3.2053380000
        0.5416645016        0.3127300000       -3.3373065000
        0.5833376635        0.3367900000       -3.4747170000
        0.6249935048        0.3608400000       -3.6134880000
        0.6666666667        0.3849000000       -3.7508985000
        0.7083398285        0.4089600000       -3.8801460000
        0.7499956699        0.4330100000       -3.9998700000
        0.7916688317        0.4570700000       -4.1073495000
        0.8333419936        0.4811300000       -4.1998635000
        0.8749978349        0.5051800000       -4.2733305000
        0.9166709968        0.5292400000       -4.3277505000
        0.9583268381        0.5532900000       -4.3604025000
        1.0000000000        0.5773500000       -4.3712865000
 
        0.0000000000        0.0000000000       -0.4258365000
        0.0416731619        0.0240600000       -0.4421625000
        0.0833290032        0.0481100000       -0.4897800000
        0.1250021651        0.0721700000       -0.5632470000
        0.1666753269        0.0962300000       -0.6598425000
        0.2083311683        0.1202800000       -0.7714035000
        0.2500043301        0.1443400000       -0.8897670000
        0.2916601715        0.1683900000       -1.0094910000
        0.3333333333        0.1924500000       -1.1224125000
        0.3750064952        0.2165100000       -1.2230895000
        0.4166623365        0.2405600000       -1.3060800000
        0.4583354984        0.2646200000       -1.3713840000
        0.5000086603        0.2886800000       -1.4176410000
        0.5416645016        0.3127300000       -1.4475720000
        0.5833376635        0.3367900000       -1.4652585000
        0.6249935048        0.3608400000       -1.4720610000
        0.6666666667        0.3849000000       -1.4707005000
        0.7083398285        0.4089600000       -1.4652585000
        0.7499956699        0.4330100000       -1.4557350000
        0.7916688317        0.4570700000       -1.4448510000
        0.8333419936        0.4811300000       -1.4339670000
        0.8749978349        0.5051800000       -1.4244435000
        0.9166709968        0.5292400000       -1.4176410000
        0.9583268381        0.5532900000       -1.4258040000
        1.0000000000        0.5773500000       -1.4298855000
 
        0.0000000000        0.0000000000       -0.4258365000
        0.0416731619        0.0240600000       -0.4421625000
        0.0833290032        0.0481100000       -0.4897800000
        0.1250021651        0.0721700000       -0.5632470000
        0.1666753269        0.0962300000       -0.6598425000
        0.2083311683        0.1202800000       -0.7714035000
        0.2500043301        0.1443400000       -0.8897670000
        0.2916601715        0.1683900000       -1.0094910000
        0.3333333333        0.1924500000       -1.1224125000
        0.3750064952        0.2165100000       -1.2230895000
        0.4166623365        0.2405600000       -1.3060800000
        0.4583354984        0.2646200000       -1.3713840000
        0.5000086603        0.2886800000       -1.4176410000
        0.5416645016        0.3127300000       -1.4475720000
        0.5833376635        0.3367900000       -1.4652585000
        0.6249935048        0.3608400000       -1.4720610000
        0.6666666667        0.3849000000       -1.4707005000
        0.7083398285        0.4089600000       -1.4652585000
        0.7499956699        0.4330100000       -1.4557350000
        0.7916688317        0.4570700000       -1.4448510000
        0.8333419936        0.4811300000       -1.4339670000
        0.8749978349        0.5051800000       -1.4244435000
        0.9166709968        0.5292400000       -1.4176410000
        0.9583268381        0.5532900000       -1.4258040000
        1.0000000000        0.5773500000       -1.4298855000
 
        0.0000000000        0.0000000000       -0.4258365000
        0.0416731619        0.0240600000       -0.4312785000
        0.0833290032        0.0481100000       -0.4462440000
        0.1250021651        0.0721700000       -0.4693725000
        0.1666753269        0.0962300000       -0.5020245000
        0.2083311683        0.1202800000       -0.5414790000
        0.2500043301        0.1443400000       -0.5890965000
        0.2916601715        0.1683900000       -0.6421560000
        0.3333333333        0.1924500000       -0.6992970000
        0.3750064952        0.2165100000       -0.7618800000
        0.4166623365        0.2405600000       -0.8258235000
        0.4583354984        0.2646200000       -0.8911275000
        0.5000086603        0.2886800000       -0.9577920000
        0.5416645016        0.3127300000       -1.0217355000
        0.5833376635        0.3367900000       -1.0843185000
        0.6249935048        0.3608400000       -1.1441805000
        0.6666666667        0.3849000000       -1.1999610000
        0.7083398285        0.4089600000       -1.2516600000
        0.7499956699        0.4330100000       -1.2965565000
        0.7916688317        0.4570700000       -1.3360110000
        0.8333419936        0.4811300000       -1.3700235000
        0.8749978349        0.5051800000       -1.3958730000
        0.9166709968        0.5292400000       -1.4149200000
        0.9583268381        0.5532900000       -1.4135595000
        1.0000000000        0.5773500000       -1.4108385000
 
        0.0000000000        0.0000000000       -0.4258365000
        0.0416731619        0.0240600000       -0.4312785000
        0.0833290032        0.0481100000       -0.4462440000
        0.1250021651        0.0721700000       -0.4693725000
        0.1666753269        0.0962300000       -0.5020245000
        0.2083311683        0.1202800000       -0.5414790000
        0.2500043301        0.1443400000       -0.5890965000
        0.2916601715        0.1683900000       -0.6421560000
        0.3333333333        0.1924500000       -0.6992970000
        0.3750064952        0.2165100000       -0.7618800000
        0.4166623365        0.2405600000       -0.8258235000
        0.4583354984        0.2646200000       -0.8911275000
        0.5000086603        0.2886800000       -0.9577920000
        0.5416645016        0.3127300000       -1.0217355000
        0.5833376635        0.3367900000       -1.0843185000
        0.6249935048        0.3608400000       -1.1441805000
        0.6666666667        0.3849000000       -1.1999610000
        0.7083398285        0.4089600000       -1.2516600000
        0.7499956699        0.4330100000       -1.2965565000
        0.7916688317        0.4570700000       -1.3360110000
        0.8333419936        0.4811300000       -1.3700235000
        0.8749978349        0.5051800000       -1.3958730000
        0.9166709968        0.5292400000       -1.4149200000
        0.9583268381        0.5532900000       -1.4135595000
        1.0000000000        0.5773500000       -1.4108385000
 
        0.0000000000        0.0000000000        4.7685525000
        0.0416731619        0.0240600000        4.7875995000
        0.0833290032        0.0481100000        4.8420195000
        0.1250021651        0.0721700000        4.9277310000
        0.1666753269        0.0962300000        5.0392920000
        0.2083311683        0.1202800000        5.1685395000
        0.2500043301        0.1443400000        5.3073105000
        0.2916601715        0.1683900000        5.4460815000
        0.3333333333        0.1924500000        5.5726080000
        0.3750064952        0.2165100000        5.6787270000
        0.4166623365        0.2405600000        5.7535545000
        0.4583354984        0.2646200000        5.7943695000
        0.5000086603        0.2886800000        5.8011720000
        0.5416645016        0.3127300000        5.7821250000
        0.5833376635        0.3367900000        5.7426705000
        0.6249935048        0.3608400000        5.6923320000
        0.6666666667        0.3849000000        5.6379120000
        0.7083398285        0.4089600000        5.5821315000
        0.7499956699        0.4330100000        5.5290720000
        0.7916688317        0.4570700000        5.4814545000
        0.8333419936        0.4811300000        5.4406395000
        0.8749978349        0.5051800000        5.4079875000
        0.9166709968        0.5292400000        5.3834985000
        0.9583268381        0.5532900000        5.3698935000
        1.0000000000        0.5773500000        5.3658120000
 
        0.0000000000        0.0000000000        4.7685525000
        0.0416731619        0.0240600000        4.7875995000
        0.0833290032        0.0481100000        4.8420195000
        0.1250021651        0.0721700000        4.9277310000
        0.1666753269        0.0962300000        5.0392920000
        0.2083311683        0.1202800000        5.1685395000
        0.2500043301        0.1443400000        5.3073105000
        0.2916601715        0.1683900000        5.4460815000
        0.3333333333        0.1924500000        5.5726080000
        0.3750064952        0.2165100000        5.6787270000
        0.4166623365        0.2405600000        5.7535545000
        0.4583354984        0.2646200000        5.7943695000
        0.5000086603        0.2886800000        5.8011720000
        0.5416645016        0.3127300000        5.7821250000
        0.5833376635        0.3367900000        5.7426705000
        0.6249935048        0.3608400000        5.6923320000
        0.6666666667        0.3849000000        5.6379120000
        0.7083398285        0.4089600000        5.5821315000
        0.7499956699        0.4330100000        5.5290720000
        0.7916688317        0.4570700000        5.4814545000
        0.8333419936        0.4811300000        5.4406395000
        0.8749978349        0.5051800000        5.4079875000
        0.9166709968        0.5292400000        5.3834985000
        0.9583268381        0.5532900000        5.3698935000
        1.0000000000        0.5773500000        5.3658120000
 
        0.0000000000        0.0000000000        8.2459905000
        0.0416731619        0.0240600000        8.2255830000
        0.0833290032        0.0481100000        8.1670815000
        0.1250021651        0.0721700000        8.0827305000
        0.1666753269        0.0962300000        7.9806930000
        0.2083311683        0.1202800000        7.8704925000
        0.2500043301        0.1443400000        7.7616525000
        0.2916601715        0.1683900000        7.6609755000
        0.3333333333        0.1924500000        7.5779850000
        0.3750064952        0.2165100000        7.5167625000
        0.4166623365        0.2405600000        7.4827500000
        0.4583354984        0.2646200000        7.4759475000
        0.5000086603        0.2886800000        7.4881920000
        0.5416645016        0.3127300000        7.5113205000
        0.5833376635        0.3367900000        7.5344490000
        0.6249935048        0.3608400000        7.5494145000
        0.6666666667        0.3849000000        7.5548565000
        0.7083398285        0.4089600000        7.5507750000
        0.7499956699        0.4330100000        7.5385305000
        0.7916688317        0.4570700000        7.5208440000
        0.8333419936        0.4811300000        7.5031575000
        0.8749978349        0.5051800000        7.4854710000
        0.9166709968        0.5292400000        7.4718660000
        0.9583268381        0.5532900000        7.4637030000
        1.0000000000        0.5773500000        7.4609820000
 
        0.0000000000        0.0000000000        8.2459905000
        0.0416731619        0.0240600000        8.2255830000
        0.0833290032        0.0481100000        8.1670815000
        0.1250021651        0.0721700000        8.0827305000
        0.1666753269        0.0962300000        7.9806930000
        0.2083311683        0.1202800000        7.8704925000
        0.2500043301        0.1443400000        7.7616525000
        0.2916601715        0.1683900000        7.6609755000
        0.3333333333        0.1924500000        7.5779850000
        0.3750064952        0.2165100000        7.5167625000
        0.4166623365        0.2405600000        7.4827500000
        0.4583354984        0.2646200000        7.4759475000
        0.5000086603        0.2886800000        7.4881920000
        0.5416645016        0.3127300000        7.5113205000
        0.5833376635        0.3367900000        7.5344490000
        0.6249935048        0.3608400000        7.5494145000
        0.6666666667        0.3849000000        7.5548565000
        0.7083398285        0.4089600000        7.5507750000
        0.7499956699        0.4330100000        7.5385305000
        0.7916688317        0.4570700000        7.5208440000
        0.8333419936        0.4811300000        7.5031575000
        0.8749978349        0.5051800000        7.4854710000
        0.9166709968        0.5292400000        7.4718660000
        0.9583268381        0.5532900000        7.4637030000
        1.0000000000        0.5773500000        7.4609820000
 
        0.0000000000        0.0000000000        9.0718140000
        0.0416731619        0.0240600000        9.0786165000
        0.0833290032        0.0481100000        9.0963030000
        0.1250021651        0.0721700000        9.1180710000
        0.1666753269        0.0962300000        9.1384785000
        0.2083311683        0.1202800000        9.1534440000
        0.2500043301        0.1443400000        9.1629675000
        0.2916601715        0.1683900000        9.1684095000
        0.3333333333        0.1924500000        9.1711305000
        0.3750064952        0.2165100000        9.1765725000
        0.4166623365        0.2405600000        9.1860960000
        0.4583354984        0.2646200000        9.2037825000
        0.5000086603        0.2886800000        9.2364345000
        0.5416645016        0.3127300000        9.2826915000
        0.5833376635        0.3367900000        9.3452745000
        0.6249935048        0.3608400000        9.4201020000
        0.6666666667        0.3849000000        9.5030925000
        0.7083398285        0.4089600000        9.5874435000
        0.7499956699        0.4330100000        9.6677130000
        0.7916688317        0.4570700000        9.7370985000
        0.8333419936        0.4811300000        9.7942395000
        0.8749978349        0.5051800000        9.8377755000
        0.9166709968        0.5292400000        9.8690670000
        0.9583268381        0.5532900000        9.8867535000
        1.0000000000        0.5773500000        9.8921955000
 
        0.0000000000        0.0000000000        9.0718140000
        0.0416731619        0.0240600000        9.0786165000
        0.0833290032        0.0481100000        9.0963030000
        0.1250021651        0.0721700000        9.1180710000
        0.1666753269        0.0962300000        9.1384785000
        0.2083311683        0.1202800000        9.1534440000
        0.2500043301        0.1443400000        9.1629675000
        0.2916601715        0.1683900000        9.1684095000
        0.3333333333        0.1924500000        9.1711305000
        0.3750064952        0.2165100000        9.1765725000
        0.4166623365        0.2405600000        9.1860960000
        0.4583354984        0.2646200000        9.2037825000
        0.5000086603        0.2886800000        9.2364345000
        0.5416645016        0.3127300000        9.2826915000
        0.5833376635        0.3367900000        9.3452745000
        0.6249935048        0.3608400000        9.4201020000
        0.6666666667        0.3849000000        9.5030925000
        0.7083398285        0.4089600000        9.5874435000
        0.7499956699        0.4330100000        9.6677130000
        0.7916688317        0.4570700000        9.7370985000
        0.8333419936        0.4811300000        9.7942395000
        0.8749978349        0.5051800000        9.8377755000
        0.9166709968        0.5292400000        9.8690670000
        0.9583268381        0.5532900000        9.8867535000
        1.0000000000        0.5773500000        9.8921955000
 
        0.0000000000        0.0000000000        9.0718140000
        0.0416731619        0.0240600000        9.0813375000
        0.0833290032        0.0481100000        9.1085475000
        0.1250021651        0.0721700000        9.1534440000
        0.1666753269        0.0962300000        9.2160270000
        0.2083311683        0.1202800000        9.2935755000
        0.2500043301        0.1443400000        9.3833685000
        0.2916601715        0.1683900000        9.4867665000
        0.3333333333        0.1924500000        9.5969670000
        0.3750064952        0.2165100000        9.7139700000
        0.4166623365        0.2405600000        9.8323335000
        0.4583354984        0.2646200000        9.9506970000
        0.5000086603        0.2886800000       10.0663395000
        0.5416645016        0.3127300000       10.1738190000
        0.5833376635        0.3367900000       10.2731355000
        0.6249935048        0.3608400000       10.3602075000
        0.6666666667        0.3849000000       10.4363955000
        0.7083398285        0.4089600000       10.4989785000
        0.7499956699        0.4330100000       10.5506775000
        0.7916688317        0.4570700000       10.5914925000
        0.8333419936        0.4811300000       10.6214235000
        0.8749978349        0.5051800000       10.6445520000
        0.9166709968        0.5292400000       10.6595175000
        0.9583268381        0.5532900000       10.6676805000
        1.0000000000        0.5773500000       10.6731225000
 
        0.0000000000        0.0000000000        9.0718140000
        0.0416731619        0.0240600000        9.0813375000
        0.0833290032        0.0481100000        9.1085475000
        0.1250021651        0.0721700000        9.1534440000
        0.1666753269        0.0962300000        9.2160270000
        0.2083311683        0.1202800000        9.2935755000
        0.2500043301        0.1443400000        9.3833685000
        0.2916601715        0.1683900000        9.4867665000
        0.3333333333        0.1924500000        9.5969670000
        0.3750064952        0.2165100000        9.7139700000
        0.4166623365        0.2405600000        9.8323335000
        0.4583354984        0.2646200000        9.9506970000
        0.5000086603        0.2886800000       10.0663395000
        0.5416645016        0.3127300000       10.1738190000
        0.5833376635        0.3367900000       10.2731355000
        0.6249935048        0.3608400000       10.3602075000
        0.6666666667        0.3849000000       10.4363955000
        0.7083398285        0.4089600000       10.4989785000
        0.7499956699        0.4330100000       10.5506775000
        0.7916688317        0.4570700000       10.5914925000
        0.8333419936        0.4811300000       10.6214235000
        0.8749978349        0.5051800000       10.6445520000
        0.9166709968        0.5292400000       10.6595175000
        0.9583268381        0.5532900000       10.6676805000
        1.0000000000        0.5773500000       10.6731225000
 
        0.0000000000        0.0000000000       13.0703235000
        0.0416731619        0.0240600000       13.0744050000
        0.0833290032        0.0481100000       13.0798470000
        0.1250021651        0.0721700000       13.0812075000
        0.1666753269        0.0962300000       13.0662420000
        0.2083311683        0.1202800000       13.0308690000
        0.2500043301        0.1443400000       12.9737280000
        0.2916601715        0.1683900000       12.8975400000
        0.3333333333        0.1924500000       12.8104680000
        0.3750064952        0.2165100000       12.7193145000
        0.4166623365        0.2405600000       12.6308820000
        0.4583354984        0.2646200000       12.5465310000
        0.5000086603        0.2886800000       12.4730640000
        0.5416645016        0.3127300000       12.4172835000
        0.5833376635        0.3367900000       12.3805500000
        0.6249935048        0.3608400000       12.3655845000
        0.6666666667        0.3849000000       12.3805500000
        0.7083398285        0.4089600000       12.4227255000
        0.7499956699        0.4330100000       12.4907505000
        0.7916688317        0.4570700000       12.5805435000
        0.8333419936        0.4811300000       12.6853020000
        0.8749978349        0.5051800000       12.7914210000
        0.9166709968        0.5292400000       12.8852955000
        0.9583268381        0.5532900000       12.9505995000
        1.0000000000        0.5773500000       12.9750885000
 
        0.0000000000        0.0000000000       13.0703235000
        0.0416731619        0.0240600000       13.0744050000
        0.0833290032        0.0481100000       13.0798470000
        0.1250021651        0.0721700000       13.0812075000
        0.1666753269        0.0962300000       13.0662420000
        0.2083311683        0.1202800000       13.0308690000
        0.2500043301        0.1443400000       12.9737280000
        0.2916601715        0.1683900000       12.8975400000
        0.3333333333        0.1924500000       12.8104680000
        0.3750064952        0.2165100000       12.7193145000
        0.4166623365        0.2405600000       12.6308820000
        0.4583354984        0.2646200000       12.5465310000
        0.5000086603        0.2886800000       12.4730640000
        0.5416645016        0.3127300000       12.4172835000
        0.5833376635        0.3367900000       12.3805500000
        0.6249935048        0.3608400000       12.3655845000
        0.6666666667        0.3849000000       12.3805500000
        0.7083398285        0.4089600000       12.4227255000
        0.7499956699        0.4330100000       12.4907505000
        0.7916688317        0.4570700000       12.5805435000
        0.8333419936        0.4811300000       12.6853020000
        0.8749978349        0.5051800000       12.7914210000
        0.9166709968        0.5292400000       12.8852955000
        0.9583268381        0.5532900000       12.9505995000
        1.0000000000        0.5773500000       12.9750885000
 
        0.0000000000        0.0000000000       13.9587300000
        0.0416731619        0.0240600000       13.9478460000
        0.0833290032        0.0481100000       13.9138335000
        0.1250021651        0.0721700000       13.8662160000
        0.1666753269        0.0962300000       13.8077145000
        0.2083311683        0.1202800000       13.7410500000
        0.2500043301        0.1443400000       13.6757460000
        0.2916601715        0.1683900000       13.6145235000
        0.3333333333        0.1924500000       13.5614640000
        0.3750064952        0.2165100000       13.5206490000
        0.4166623365        0.2405600000       13.4961600000
        0.4583354984        0.2646200000       13.4907180000
        0.5000086603        0.2886800000       13.5084045000
        0.5416645016        0.3127300000       13.5505800000
        0.5833376635        0.3367900000       13.6199655000
        0.6249935048        0.3608400000       13.7165610000
        0.6666666667        0.3849000000       13.8362850000
        0.7083398285        0.4089600000       13.9845795000
        0.7499956699        0.4330100000       14.1560025000
        0.7916688317        0.4570700000       14.3437515000
        0.8333419936        0.4811300000       14.5437450000
        0.8749978349        0.5051800000       14.7437385000
        0.9166709968        0.5292400000       14.9260455000
        0.9583268381        0.5532900000       15.0620955000
        1.0000000000        0.5773500000       15.1151550000
 
        0.0000000000        0.0000000000       13.9587300000
        0.0416731619        0.0240600000       13.9478460000
        0.0833290032        0.0481100000       13.9138335000
        0.1250021651        0.0721700000       13.8662160000
        0.1666753269        0.0962300000       13.8077145000
        0.2083311683        0.1202800000       13.7410500000
        0.2500043301        0.1443400000       13.6757460000
        0.2916601715        0.1683900000       13.6145235000
        0.3333333333        0.1924500000       13.5614640000
        0.3750064952        0.2165100000       13.5206490000
        0.4166623365        0.2405600000       13.4961600000
        0.4583354984        0.2646200000       13.4907180000
        0.5000086603        0.2886800000       13.5084045000
        0.5416645016        0.3127300000       13.5505800000
        0.5833376635        0.3367900000       13.6199655000
        0.6249935048        0.3608400000       13.7165610000
        0.6666666667        0.3849000000       13.8362850000
        0.7083398285        0.4089600000       13.9845795000
        0.7499956699        0.4330100000       14.1560025000
        0.7916688317        0.4570700000       14.3437515000
        0.8333419936        0.4811300000       14.5437450000
        0.8749978349        0.5051800000       14.7437385000
        0.9166709968        0.5292400000       14.9260455000
        0.9583268381        0.5532900000       15.0620955000
        1.0000000000        0.5773500000       15.1151550000
 
        0.0000000000        0.0000000000       13.9587300000
        0.0416731619        0.0240600000       13.9696140000
        0.0833290032        0.0481100000       14.0022660000
        0.1250021651        0.0721700000       14.0702910000
        0.1666753269        0.0962300000       14.1750495000
        0.2083311683        0.1202800000       14.3179020000
        0.2500043301        0.1443400000       14.4920460000
        0.2916601715        0.1683900000       14.6811555000
        0.3333333333        0.1924500000       14.8648230000
        0.3750064952        0.2165100000       15.0212805000
        0.4166623365        0.2405600000       15.1450860000
        0.4583354984        0.2646200000       15.2430420000
        0.5000086603        0.2886800000       15.3287535000
        0.5416645016        0.3127300000       15.4103835000
        0.5833376635        0.3367900000       15.4906530000
        0.6249935048        0.3608400000       15.5709225000
        0.6666666667        0.3849000000       15.6498315000
        0.7083398285        0.4089600000       15.7260195000
        0.7499956699        0.4330100000       15.7926840000
        0.7916688317        0.4570700000       15.8443830000
        0.8333419936        0.4811300000       15.8715930000
        0.8749978349        0.5051800000       15.8702325000
        0.9166709968        0.5292400000       15.8457435000
        0.9583268381        0.5532900000       15.8158125000
        1.0000000000        0.5773500000       15.8035680000
 
        0.0000000000        0.0000000000       13.9587300000
        0.0416731619        0.0240600000       13.9696140000
        0.0833290032        0.0481100000       14.0022660000
        0.1250021651        0.0721700000       14.0702910000
        0.1666753269        0.0962300000       14.1750495000
        0.2083311683        0.1202800000       14.3179020000
        0.2500043301        0.1443400000       14.4920460000
        0.2916601715        0.1683900000       14.6811555000
        0.3333333333        0.1924500000       14.8648230000
        0.3750064952        0.2165100000       15.0212805000
        0.4166623365        0.2405600000       15.1450860000
        0.4583354984        0.2646200000       15.2430420000
        0.5000086603        0.2886800000       15.3287535000
        0.5416645016        0.3127300000       15.4103835000
        0.5833376635        0.3367900000       15.4906530000
        0.6249935048        0.3608400000       15.5709225000
        0.6666666667        0.3849000000       15.6498315000
        0.7083398285        0.4089600000       15.7260195000
        0.7499956699        0.4330100000       15.7926840000
        0.7916688317        0.4570700000       15.8443830000
        0.8333419936        0.4811300000       15.8715930000
        0.8749978349        0.5051800000       15.8702325000
        0.9166709968        0.5292400000       15.8457435000
        0.9583268381        0.5532900000       15.8158125000
        1.0000000000        0.5773500000       15.8035680000
 
        0.0000000000        0.0000000000       16.4457240000
        0.0416731619        0.0240600000       16.3940250000
        0.0833290032        0.0481100000       16.2702195000
        0.1250021651        0.0721700000       16.1328090000
        0.1666753269        0.0962300000       16.0090035000
        0.2083311683        0.1202800000       15.9164895000
        0.2500043301        0.1443400000       15.8647905000
        0.2916601715        0.1683900000       15.8647905000
        0.3333333333        0.1924500000       15.9382575000
        0.3750064952        0.2165100000       16.0933545000
        0.4166623365        0.2405600000       16.3300815000
        0.4583354984        0.2646200000       16.6293915000
        0.5000086603        0.2886800000       16.9708770000
        0.5416645016        0.3127300000       17.3327700000
        0.5833376635        0.3367900000       17.6987445000
        0.6249935048        0.3608400000       18.0225435000
        0.6666666667        0.3849000000       18.1735590000
        0.7083398285        0.4089600000       18.0252645000
        0.7499956699        0.4330100000       17.7749325000
        0.7916688317        0.4570700000       17.5300425000
        0.8333419936        0.4811300000       17.3191650000
        0.8749978349        0.5051800000       17.1627075000
        0.9166709968        0.5292400000       17.0484255000
        0.9583268381        0.5532900000       16.8756420000
        1.0000000000        0.5773500000       16.8144195000
 
        0.0000000000        0.0000000000       16.4457240000
        0.0416731619        0.0240600000       16.3940250000
        0.0833290032        0.0481100000       16.2702195000
        0.1250021651        0.0721700000       16.1328090000
        0.1666753269        0.0962300000       16.0090035000
        0.2083311683        0.1202800000       15.9164895000
        0.2500043301        0.1443400000       15.8647905000
        0.2916601715        0.1683900000       15.8647905000
        0.3333333333        0.1924500000       15.9382575000
        0.3750064952        0.2165100000       16.0933545000
        0.4166623365        0.2405600000       16.3300815000
        0.4583354984        0.2646200000       16.6293915000
        0.5000086603        0.2886800000       16.9708770000
        0.5416645016        0.3127300000       17.3327700000
        0.5833376635        0.3367900000       17.6987445000
        0.6249935048        0.3608400000       18.0225435000
        0.6666666667        0.3849000000       18.1735590000
        0.7083398285        0.4089600000       18.0252645000
        0.7499956699        0.4330100000       17.7749325000
        0.7916688317        0.4570700000       17.5300425000
        0.8333419936        0.4811300000       17.3191650000
        0.8749978349        0.5051800000       17.1627075000
        0.9166709968        0.5292400000       17.0484255000
        0.9583268381        0.5532900000       16.8756420000
        1.0000000000        0.5773500000       16.8144195000
 
