        0.0000000000        2.2195787944      -10.4037435000
        0.0250000000        2.2460952987      -10.3996620000
        0.0500000000        2.2726118030      -10.4010225000
        0.0750000000        2.2991283073      -10.4091855000
        0.1000000000        2.3256448116      -10.4268720000
        0.1250000000        2.3521613159      -10.4540820000
        0.1500000000        2.3786778201      -10.4894550000
        0.1750000000        2.4051943244      -10.5343515000
        0.2000000000        2.4317108287      -10.5887715000
        0.2250000000        2.4582273330      -10.6499940000
        0.2500000000        2.4847438373      -10.7166585000
        0.2750000000        2.5112603416      -10.7887650000
        0.3000000000        2.5377768459      -10.8649530000
        0.3250000000        2.5642933502      -10.9425015000
        0.3500000000        2.5908098545      -11.0214105000
        0.3750000000        2.6173263588      -11.1016800000
        0.4000000000        2.6438428631      -11.1805890000
        0.4250000000        2.6703593674      -11.2594980000
        0.4500000000        2.6968758717      -11.3370465000
        0.4750000000        2.7233923760      -11.4132345000
        0.5000000000        2.7499088803      -11.4867015000
        0.5250000000        2.7764253846      -11.5574475000
        0.5500000000        2.8029418889      -11.6254725000
        0.5750000000        2.8294583932      -11.6907765000
        0.6000000000        2.8559748974      -11.7519990000
        0.6250000000        2.8824914017      -11.8105005000
        0.6500000000        2.9090079060      -11.8662810000
        0.6750000000        2.9355244103      -11.9166195000
        0.7000000000        2.9620409146      -11.9655975000
        0.7250000000        2.9885574189      -12.0091335000
        0.7500000000        3.0150739232      -12.0499485000
        0.7750000000        3.0415904275      -12.0866820000
        0.8000000000        3.0681069318      -12.1193340000
        0.8250000000        3.0946234361      -12.1479045000
        0.8500000000        3.1211399404      -12.1723935000
        0.8750000000        3.1476564447      -12.1941615000
        0.9000000000        3.1741729490      -12.2104875000
        0.9250000000        3.2006894533      -12.2240925000
        0.9500000000        3.2272059576      -12.2336160000
        0.9750000000        3.2537224619      -12.2390580000
        1.0000000000        3.2802389662      -12.2417790000
 
        0.0000000000        2.2195787944       -8.3221785000
        0.0250000000        2.2460952987       -8.3902035000
        0.0500000000        2.2726118030       -8.4487050000
        0.0750000000        2.2991283073       -8.4963225000
        0.1000000000        2.3256448116       -8.5316955000
        0.1250000000        2.3521613159       -8.5534635000
        0.1500000000        2.3786778201       -8.5616265000
        0.1750000000        2.4051943244       -8.5534635000
        0.2000000000        2.4317108287       -8.5316955000
        0.2250000000        2.4582273330       -8.4963225000
        0.2500000000        2.4847438373       -8.4473445000
        0.2750000000        2.5112603416       -8.3874825000
        0.3000000000        2.5377768459       -8.3180970000
        0.3250000000        2.5642933502       -8.2391880000
        0.3500000000        2.5908098545       -8.1521160000
        0.3750000000        2.6173263588       -8.0582415000
        0.4000000000        2.6438428631       -7.9575645000
        0.4250000000        2.6703593674       -7.8500850000
        0.4500000000        2.6968758717       -7.7398845000
        0.4750000000        2.7233923760       -7.6228815000
        0.5000000000        2.7499088803       -7.5045180000
        0.5250000000        2.7764253846       -7.3820730000
        0.5500000000        2.8029418889       -7.2569070000
        0.5750000000        2.8294583932       -7.1290200000
        0.6000000000        2.8559748974       -7.0011330000
        0.6250000000        2.8824914017       -6.8718855000
        0.6500000000        2.9090079060       -6.7426380000
        0.6750000000        2.9355244103       -6.6147510000
        0.7000000000        2.9620409146       -6.4882245000
        0.7250000000        2.9885574189       -6.3644190000
        0.7500000000        3.0150739232       -6.2446950000
        0.7750000000        3.0415904275       -6.1290525000
        0.8000000000        3.0681069318       -6.0202125000
        0.8250000000        3.0946234361       -5.9181750000
        0.8500000000        3.1211399404       -5.8256610000
        0.8750000000        3.1476564447       -5.7440310000
        0.9000000000        3.1741729490       -5.6732850000
        0.9250000000        3.2006894533       -5.6161440000
        0.9500000000        3.2272059576       -5.5753290000
        0.9750000000        3.2537224619       -5.5494795000
        1.0000000000        3.2802389662       -5.5413165000
 
        0.0000000000        2.2195787944       -4.4774055000
        0.0250000000        2.2460952987       -4.4189040000
        0.0500000000        2.2726118030       -4.3563210000
        0.0750000000        2.2991283073       -4.2896565000
        0.1000000000        2.3256448116       -4.2202710000
        0.1250000000        2.3521613159       -4.1468040000
        0.1500000000        2.3786778201       -4.0706160000
        0.1750000000        2.4051943244       -3.9917070000
        0.2000000000        2.4317108287       -3.9087165000
        0.2250000000        2.4582273330       -3.8230050000
        0.2500000000        2.4847438373       -3.7359330000
        0.2750000000        2.5112603416       -3.6447795000
        0.3000000000        2.5377768459       -3.5522655000
        0.3250000000        2.5642933502       -3.4583910000
        0.3500000000        2.5908098545       -3.3617955000
        0.3750000000        2.6173263588       -3.2652000000
        0.4000000000        2.6438428631       -3.1658835000
        0.4250000000        2.6703593674       -3.0665670000
        0.4500000000        2.6968758717       -2.9672505000
        0.4750000000        2.7233923760       -2.8665735000
        0.5000000000        2.7499088803       -2.7672570000
        0.5250000000        2.7764253846       -2.6679405000
        0.5500000000        2.8029418889       -2.5699845000
        0.5750000000        2.8294583932       -2.4747495000
        0.6000000000        2.8559748974       -2.3808750000
        0.6250000000        2.8824914017       -2.2897215000
        0.6500000000        2.9090079060       -2.2026495000
        0.6750000000        2.9355244103       -2.1182985000
        0.7000000000        2.9620409146       -2.0393895000
        0.7250000000        2.9885574189       -1.9645620000
        0.7500000000        3.0150739232       -1.8965370000
        0.7750000000        3.0415904275       -1.8325935000
        0.8000000000        3.0681069318       -1.7754525000
        0.8250000000        3.0946234361       -1.7237535000
        0.8500000000        3.1211399404       -1.6788570000
        0.8750000000        3.1476564447       -1.6407630000
        0.9000000000        3.1741729490       -1.6094715000
        0.9250000000        3.2006894533       -1.5849825000
        0.9500000000        3.2272059576       -1.5672960000
        0.9750000000        3.2537224619       -1.5564120000
        1.0000000000        3.2802389662       -1.5536910000
 
        0.0000000000        2.2195787944       -2.5876710000
        0.0250000000        2.2460952987       -2.5087620000
        0.0500000000        2.2726118030       -2.4257715000
        0.0750000000        2.2991283073       -2.3373390000
        0.1000000000        2.3256448116       -2.2448250000
        0.1250000000        2.3521613159       -2.1495900000
        0.1500000000        2.3786778201       -2.0489130000
        0.1750000000        2.4051943244       -1.9482360000
        0.2000000000        2.4317108287       -1.8434775000
        0.2250000000        2.4582273330       -1.7373585000
        0.2500000000        2.4847438373       -1.6298790000
        0.2750000000        2.5112603416       -1.5251205000
        0.3000000000        2.5377768459       -1.4217225000
        0.3250000000        2.5642933502       -1.3224060000
        0.3500000000        2.5908098545       -1.2312525000
        0.3750000000        2.6173263588       -1.1482620000
        0.4000000000        2.6438428631       -1.0775160000
        0.4250000000        2.6703593674       -1.0190145000
        0.4500000000        2.6968758717       -0.9768390000
        0.4750000000        2.7233923760       -0.9509895000
        0.5000000000        2.7499088803       -0.9401055000
        0.5250000000        2.7764253846       -0.9441870000
        0.5500000000        2.8029418889       -0.9605130000
        0.5750000000        2.8294583932       -0.9890835000
        0.6000000000        2.8559748974       -1.0244565000
        0.6250000000        2.8824914017       -1.0666320000
        0.6500000000        2.9090079060       -1.1142495000
        0.6750000000        2.9355244103       -1.1632275000
        0.7000000000        2.9620409146       -1.2122055000
        0.7250000000        2.9885574189       -1.2611835000
        0.7500000000        3.0150739232       -1.3088010000
        0.7750000000        3.0415904275       -1.3523370000
        0.8000000000        3.0681069318       -1.3931520000
        0.8250000000        3.0946234361       -1.4298855000
        0.8500000000        3.1211399404       -1.4625375000
        0.8750000000        3.1476564447       -1.4911080000
        0.9000000000        3.1741729490       -1.5128760000
        0.9250000000        3.2006894533       -1.5305625000
        0.9500000000        3.2272059576       -1.5428070000
        0.9750000000        3.2537224619       -1.5509700000
        1.0000000000        3.2802389662       -1.5536910000
 
        0.0000000000        2.2195787944       -2.3074080000
        0.0250000000        2.2460952987       -2.2040100000
        0.0500000000        2.2726118030       -2.0992515000
        0.0750000000        2.2991283073       -1.9904115000
        0.1000000000        2.3256448116       -1.8774900000
        0.1250000000        2.3521613159       -1.7632080000
        0.1500000000        2.3786778201       -1.6462050000
        0.1750000000        2.4051943244       -1.5251205000
        0.2000000000        2.4317108287       -1.4026755000
        0.2250000000        2.4582273330       -1.2775095000
        0.2500000000        2.4847438373       -1.1496225000
        0.2750000000        2.5112603416       -1.0203750000
        0.3000000000        2.5377768459       -0.8924880000
        0.3250000000        2.5642933502       -0.7646010000
        0.3500000000        2.5908098545       -0.6394350000
        0.3750000000        2.6173263588       -0.5210715000
        0.4000000000        2.6438428631       -0.4122315000
        0.4250000000        2.6703593674       -0.3197175000
        0.4500000000        2.6968758717       -0.2462505000
        0.4750000000        2.7233923760       -0.1986330000
        0.5000000000        2.7499088803       -0.1809465000
        0.5250000000        2.7764253846       -0.1918305000
        0.5500000000        2.8029418889       -0.2299245000
        0.5750000000        2.8294583932       -0.2884260000
        0.6000000000        2.8559748974       -0.3618930000
        0.6250000000        2.8824914017       -0.4476045000
        0.6500000000        2.9090079060       -0.5414790000
        0.6750000000        2.9355244103       -0.6394350000
        0.7000000000        2.9620409146       -0.7401120000
        0.7250000000        2.9885574189       -0.8407890000
        0.7500000000        3.0150739232       -0.9401055000
        0.7750000000        3.0415904275       -1.0380615000
        0.8000000000        3.0681069318       -1.1319360000
        0.8250000000        3.0946234361       -1.2190080000
        0.8500000000        3.1211399404       -1.3006380000
        0.8750000000        3.1476564447       -1.3727445000
        0.9000000000        3.1741729490       -1.4353275000
        0.9250000000        3.2006894533       -1.4856660000
        0.9500000000        3.2272059576       -1.5223995000
        0.9750000000        3.2537224619       -1.5455280000
        1.0000000000        3.2802389662       -1.5536910000
 
        0.0000000000        2.2195787944        4.0379640000
        0.0250000000        2.2460952987        3.9304845000
        0.0500000000        2.2726118030        3.8012370000
        0.0750000000        2.2991283073        3.6583845000
        0.1000000000        2.3256448116        3.5073690000
        0.1250000000        2.3521613159        3.3522720000
        0.1500000000        2.3786778201        3.1944540000
        0.1750000000        2.4051943244        3.0379965000
        0.2000000000        2.4317108287        2.8815390000
        0.2250000000        2.4582273330        2.7264420000
        0.2500000000        2.4847438373        2.5754265000
        0.2750000000        2.5112603416        2.4284925000
        0.3000000000        2.5377768459        2.2870005000
        0.3250000000        2.5642933502        2.1536715000
        0.3500000000        2.5908098545        2.0285055000
        0.3750000000        2.6173263588        1.9183050000
        0.4000000000        2.6438428631        1.8244305000
        0.4250000000        2.6703593674        1.7509635000
        0.4500000000        2.6968758717        1.7060670000
        0.4750000000        2.7233923760        1.6938225000
        0.5000000000        2.7499088803        1.7183115000
        0.5250000000        2.7764253846        1.7768130000
        0.5500000000        2.8029418889        1.8693270000
        0.5750000000        2.8294583932        1.9890510000
        0.6000000000        2.8559748974        2.1291825000
        0.6250000000        2.8824914017        2.2883610000
        0.6500000000        2.9090079060        2.4584235000
        0.6750000000        2.9355244103        2.6380095000
        0.7000000000        2.9620409146        2.8257585000
        0.7250000000        2.9885574189        3.0162285000
        0.7500000000        3.0150739232        3.2107800000
        0.7750000000        3.0415904275        3.4066920000
        0.8000000000        3.0681069318        3.5998830000
        0.8250000000        3.0946234361        3.7889925000
        0.8500000000        3.1211399404        3.9726600000
        0.8750000000        3.1476564447        4.1440830000
        0.9000000000        3.1741729490        4.2991800000
        0.9250000000        3.2006894533        4.4325090000
        0.9500000000        3.2272059576        4.5359070000
        0.9750000000        3.2537224619        4.6025715000
        1.0000000000        3.2802389662        4.6243395000
 
        0.0000000000        2.2195787944        4.3182270000
        0.0250000000        2.2460952987        4.1318385000
        0.0500000000        2.2726118030        3.9468105000
        0.0750000000        2.2991283073        3.7631430000
        0.1000000000        2.3256448116        3.5808360000
        0.1250000000        2.3521613159        3.4039710000
        0.1500000000        2.3786778201        3.2298270000
        0.1750000000        2.4051943244        3.0611250000
        0.2000000000        2.4317108287        2.8978650000
        0.2250000000        2.4582273330        2.7427680000
        0.2500000000        2.4847438373        2.5958340000
        0.2750000000        2.5112603416        2.4597840000
        0.3000000000        2.5377768459        2.3346180000
        0.3250000000        2.5642933502        2.2244175000
        0.3500000000        2.5908098545        2.1305430000
        0.3750000000        2.6173263588        2.0557155000
        0.4000000000        2.6438428631        2.0026560000
        0.4250000000        2.6703593674        1.9713645000
        0.4500000000        2.6968758717        1.9672830000
        0.4750000000        2.7233923760        1.9876905000
        0.5000000000        2.7499088803        2.0339475000
        0.5250000000        2.7764253846        2.1033330000
        0.5500000000        2.8029418889        2.1958470000
        0.5750000000        2.8294583932        2.3074080000
        0.6000000000        2.8559748974        2.4352950000
        0.6250000000        2.8824914017        2.5781475000
        0.6500000000        2.9090079060        2.7305235000
        0.6750000000        2.9355244103        2.8924230000
        0.7000000000        2.9620409146        3.0611250000
        0.7250000000        2.9885574189        3.2352690000
        0.7500000000        3.0150739232        3.4107735000
        0.7750000000        3.0415904275        3.5849175000
        0.8000000000        3.0681069318        3.7590615000
        0.8250000000        3.0946234361        3.9264030000
        0.8500000000        3.1211399404        4.0855815000
        0.8750000000        3.1476564447        4.2325155000
        0.9000000000        3.1741729490        4.3631235000
        0.9250000000        3.2006894533        4.4719635000
        0.9500000000        3.2272059576        4.5549540000
        0.9750000000        3.2537224619        4.6066530000
        1.0000000000        3.2802389662        4.6243395000
 
        0.0000000000        2.2195787944        5.4909780000
        0.0250000000        2.2460952987        5.6610405000
        0.0500000000        2.2726118030        5.8664760000
        0.0750000000        2.2991283073        6.0991215000
        0.1000000000        2.3256448116        6.0895980000
        0.1250000000        2.3521613159        5.9766765000
        0.1500000000        2.3786778201        5.8651155000
        0.1750000000        2.4051943244        5.7521940000
        0.2000000000        2.4317108287        5.6447145000
        0.2250000000        2.4582273330        5.5385955000
        0.2500000000        2.4847438373        5.4365580000
        0.2750000000        2.5112603416        5.3399625000
        0.3000000000        2.5377768459        5.2460880000
        0.3250000000        2.5642933502        5.1576555000
        0.3500000000        2.5908098545        5.0746650000
        0.3750000000        2.6173263588        4.9957560000
        0.4000000000        2.6438428631        4.9236495000
        0.4250000000        2.6703593674        4.8569850000
        0.4500000000        2.6968758717        4.7957625000
        0.4750000000        2.7233923760        4.7399820000
        0.5000000000        2.7499088803        4.6910040000
        0.5250000000        2.7764253846        4.6488285000
        0.5500000000        2.8029418889        4.6120950000
        0.5750000000        2.8294583932        4.5821640000
        0.6000000000        2.8559748974        4.5590355000
        0.6250000000        2.8824914017        4.5413490000
        0.6500000000        2.9090079060        4.5291045000
        0.6750000000        2.9355244103        4.5223020000
        0.7000000000        2.9620409146        4.5223020000
        0.7250000000        2.9885574189        4.5250230000
        0.7500000000        3.0150739232        4.5331860000
        0.7750000000        3.0415904275        4.5440700000
        0.8000000000        3.0681069318        4.5563145000
        0.8250000000        3.0946234361        4.5685590000
        0.8500000000        3.1211399404        4.5821640000
        0.8750000000        3.1476564447        4.5944085000
        0.9000000000        3.1741729490        4.6052925000
        0.9250000000        3.2006894533        4.6134555000
        0.9500000000        3.2272059576        4.6202580000
        0.9750000000        3.2537224619        4.6229790000
        1.0000000000        3.2802389662        4.6243395000
 
        0.0000000000        2.2195787944        6.5385630000
        0.0250000000        2.2460952987        6.4283625000
        0.0500000000        2.2726118030        6.3168015000
        0.0750000000        2.2991283073        6.2038800000
        0.1000000000        2.3256448116        6.3508140000
        0.1250000000        2.3521613159        6.6188325000
        0.1500000000        2.3786778201        6.9004560000
        0.1750000000        2.4051943244        7.1929635000
        0.2000000000        2.4317108287        7.4949945000
        0.2250000000        2.4582273330        7.8065490000
        0.2500000000        2.4847438373        7.7915835000
        0.2750000000        2.5112603416        7.6487310000
        0.3000000000        2.5377768459        7.5126810000
        0.3250000000        2.5642933502        7.3807125000
        0.3500000000        2.5908098545        7.2541860000
        0.3750000000        2.6173263588        7.1317410000
        0.4000000000        2.6438428631        7.0147380000
        0.4250000000        2.6703593674        6.9018165000
        0.4500000000        2.6968758717        6.7929765000
        0.4750000000        2.7233923760        6.6895785000
        0.5000000000        2.7499088803        6.5902620000
        0.5250000000        2.7764253846        6.4963875000
        0.5500000000        2.8029418889        6.4065945000
        0.5750000000        2.8294583932        6.3236040000
        0.6000000000        2.8559748974        6.2474160000
        0.6250000000        2.8824914017        6.1780305000
        0.6500000000        2.9090079060        6.1154475000
        0.6750000000        2.9355244103        6.0610275000
        0.7000000000        2.9620409146        6.0161310000
        0.7250000000        2.9885574189        5.9821185000
        0.7500000000        3.0150739232        5.9562690000
        0.7750000000        3.0415904275        5.9426640000
        0.8000000000        3.0681069318        5.9385825000
        0.8250000000        3.0946234361        5.9453850000
        0.8500000000        3.1211399404        5.9617110000
        0.8750000000        3.1476564447        5.9848395000
        0.9000000000        3.1741729490        6.0120495000
        0.9250000000        3.2006894533        6.0419805000
        0.9500000000        3.2272059576        6.0664695000
        0.9750000000        3.2537224619        6.0841560000
        1.0000000000        3.2802389662        6.0909585000
 
        0.0000000000        2.2195787944        9.4500330000
        0.0250000000        2.2460952987        9.2690865000
        0.0500000000        2.2726118030        9.0908610000
        0.0750000000        2.2991283073        8.9153565000
        0.1000000000        2.3256448116        8.7425730000
        0.1250000000        2.3521613159        8.5738710000
        0.1500000000        2.3786778201        8.4078900000
        0.1750000000        2.4051943244        8.2473510000
        0.2000000000        2.4317108287        8.0895330000
        0.2250000000        2.4582273330        7.9385175000
        0.2500000000        2.4847438373        8.0432760000
        0.2750000000        2.5112603416        7.9140285000
        0.3000000000        2.5377768459        7.7888625000
        0.3250000000        2.5642933502        7.6691385000
        0.3500000000        2.5908098545        7.5534960000
        0.3750000000        2.6173263588        7.4432955000
        0.4000000000        2.6438428631        7.3371765000
        0.4250000000        2.6703593674        7.2351390000
        0.4500000000        2.6968758717        7.1371830000
        0.4750000000        2.7233923760        7.0433085000
        0.5000000000        2.7499088803        6.9548760000
        0.5250000000        2.7764253846        6.8691645000
        0.5500000000        2.8029418889        6.7888950000
        0.5750000000        2.8294583932        6.7140675000
        0.6000000000        2.8559748974        6.6419610000
        0.6250000000        2.8824914017        6.5739360000
        0.6500000000        2.9090079060        6.5113530000
        0.6750000000        2.9355244103        6.4528515000
        0.7000000000        2.9620409146        6.3997920000
        0.7250000000        2.9885574189        6.3494535000
        0.7500000000        3.0150739232        6.3045570000
        0.7750000000        3.0415904275        6.2637420000
        0.8000000000        3.0681069318        6.2283690000
        0.8250000000        3.0946234361        6.1970775000
        0.8500000000        3.1211399404        6.1698675000
        0.8750000000        3.1476564447        6.1467390000
        0.9000000000        3.1741729490        6.1236105000
        0.9250000000        3.2006894533        6.1100055000
        0.9500000000        3.2272059576        6.0991215000
        0.9750000000        3.2537224619        6.0936795000
        1.0000000000        3.2802389662        6.0909585000
 
        0.0000000000        2.2195787944        9.6473055000
        0.0250000000        2.2460952987        9.4622775000
        0.0500000000        2.2726118030        9.2826915000
        0.0750000000        2.2991283073        9.1085475000
        0.1000000000        2.3256448116        8.9398455000
        0.1250000000        2.3521613159        8.7765855000
        0.1500000000        2.3786778201        8.6187675000
        0.1750000000        2.4051943244        8.4663915000
        0.2000000000        2.4317108287        8.3194575000
        0.2250000000        2.4582273330        8.1793260000
        0.2500000000        2.4847438373        8.1249060000
        0.2750000000        2.5112603416        8.4459840000
        0.3000000000        2.5377768459        8.7657015000
        0.3250000000        2.5642933502        9.0731745000
        0.3500000000        2.5908098545        9.3425535000
        0.3750000000        2.6173263588        9.5044530000
        0.4000000000        2.6438428631        9.5316630000
        0.4250000000        2.6703593674        9.4867665000
        0.4500000000        2.6968758717        9.4160205000
        0.4750000000        2.7233923760        9.3262275000
        0.5000000000        2.7499088803        9.1942590000
        0.5250000000        2.7764253846        8.9915445000
        0.5500000000        2.8029418889        8.7452940000
        0.5750000000        2.8294583932        8.4949620000
        0.6000000000        2.8559748974        8.2500720000
        0.6250000000        2.8824914017        8.0133450000
        0.6500000000        2.9090079060        7.7875020000
        0.6750000000        2.9355244103        7.5739035000
        0.7000000000        2.9620409146        7.3725495000
        0.7250000000        2.9885574189        7.1834400000
        0.7500000000        3.0150739232        7.0079355000
        0.7750000000        3.0415904275        6.8460360000
        0.8000000000        3.0681069318        6.6991020000
        0.8250000000        3.0946234361        6.5671335000
        0.8500000000        3.1211399404        6.4487700000
        0.8750000000        3.1476564447        6.3467325000
        0.9000000000        3.1741729490        6.2596605000
        0.9250000000        3.2006894533        6.1889145000
        0.9500000000        3.2272059576        6.1358550000
        0.9750000000        3.2537224619        6.1018425000
        1.0000000000        3.2802389662        6.0909585000
 
        0.0000000000        2.2195787944       11.8499550000
        0.0250000000        2.2460952987       11.7057420000
        0.0500000000        2.2726118030       11.5588080000
        0.0750000000        2.2991283073       11.4118740000
        0.1000000000        2.3256448116       11.2649400000
        0.1250000000        2.3521613159       11.1180060000
        0.1500000000        2.3786778201       10.9724325000
        0.1750000000        2.4051943244       10.8282195000
        0.2000000000        2.4317108287       10.6894485000
        0.2250000000        2.4582273330       10.5561195000
        0.2500000000        2.4847438373       10.4295930000
        0.2750000000        2.5112603416       10.3112295000
        0.3000000000        2.5377768459       10.2078315000
        0.3250000000        2.5642933502       10.1248410000
        0.3500000000        2.5908098545       10.0908285000
        0.3750000000        2.6173263588       10.1629350000
        0.4000000000        2.6438428631       10.3302765000
        0.4250000000        2.6703593674       10.2159945000
        0.4500000000        2.6968758717        9.9384525000
        0.4750000000        2.7233923760        9.6609105000
        0.5000000000        2.7499088803        9.4255440000
        0.5250000000        2.7764253846        9.2758890000
        0.5500000000        2.8029418889        9.1779330000
        0.5750000000        2.8294583932        9.0990240000
        0.6000000000        2.8559748974        9.0255570000
        0.6250000000        2.8824914017        8.9588925000
        0.6500000000        2.9090079060        8.8949490000
        0.6750000000        2.9355244103        8.8378080000
        0.7000000000        2.9620409146        8.7833880000
        0.7250000000        2.9885574189        8.7344100000
        0.7500000000        3.0150739232        8.6908740000
        0.7750000000        3.0415904275        8.6514195000
        0.8000000000        3.0681069318        8.6174070000
        0.8250000000        3.0946234361        8.5874760000
        0.8500000000        3.1211399404        8.5616265000
        0.8750000000        3.1476564447        8.5398585000
        0.9000000000        3.1741729490        8.3861220000
        0.9250000000        3.2006894533        8.2527930000
        0.9500000000        3.2272059576        8.1521160000
        0.9750000000        3.2537224619        8.0895330000
        1.0000000000        3.2802389662        8.0677650000
 
        0.0000000000        2.2195787944       13.1655585000
        0.0250000000        2.2460952987       13.3982040000
        0.0500000000        2.2726118030       13.6199655000
        0.0750000000        2.2991283073       13.8267615000
        0.1000000000        2.3256448116       14.0185920000
        0.1250000000        2.3521613159       14.0988615000
        0.1500000000        2.3786778201       13.8458085000
        0.1750000000        2.4051943244       13.5560220000
        0.2000000000        2.4317108287       13.2431070000
        0.2250000000        2.4582273330       12.9152265000
        0.2500000000        2.4847438373       12.5805435000
        0.2750000000        2.5112603416       12.2404185000
        0.3000000000        2.5377768459       11.9002935000
        0.3250000000        2.5642933502       11.5642500000
        0.3500000000        2.5908098545       11.2336485000
        0.3750000000        2.6173263588       10.9166520000
        0.4000000000        2.6438428631       10.6527150000
        0.4250000000        2.6703593674       10.7520315000
        0.4500000000        2.6968758717       11.0472600000
        0.4750000000        2.7233923760       11.3533725000
        0.5000000000        2.7499088803       11.6336355000
        0.5250000000        2.7764253846       11.8662810000
        0.5500000000        2.8029418889       11.7928140000
        0.5750000000        2.8294583932       11.5043880000
        0.6000000000        2.8559748974       11.2214040000
        0.6250000000        2.8824914017       10.9425015000
        0.6500000000        2.9090079060       10.6704015000
        0.6750000000        2.9355244103       10.4010225000
        0.7000000000        2.9620409146       10.1384460000
        0.7250000000        2.9885574189        9.8813115000
        0.7500000000        3.0150739232        9.6309795000
        0.7750000000        3.0415904275        9.3888105000
        0.8000000000        3.0681069318        9.1575255000
        0.8250000000        3.0946234361        8.9384850000
        0.8500000000        3.1211399404        8.7344100000
        0.8750000000        3.1476564447        8.5507425000
        0.9000000000        3.1741729490        8.5180905000
        0.9250000000        3.2006894533        8.4949620000
        0.9500000000        3.2272059576        8.4609495000
        0.9750000000        3.2537224619        8.4214950000
        1.0000000000        3.2802389662        8.4038085000
 
        0.0000000000        2.2195787944       14.3029365000
        0.0250000000        2.2460952987       14.4253815000
        0.0500000000        2.2726118030       14.4757200000
        0.0750000000        2.2991283073       14.4308235000
        0.1000000000        2.3256448116       14.3002155000
        0.1250000000        2.3521613159       14.1968175000
        0.1500000000        2.3786778201       14.3641590000
        0.1750000000        2.4051943244       14.5219770000
        0.2000000000        2.4317108287       14.6743530000
        0.2250000000        2.4582273330       14.8240080000
        0.2500000000        2.4847438373       14.9723025000
        0.2750000000        2.5112603416       15.1205970000
        0.3000000000        2.5377768459       15.0131175000
        0.3250000000        2.5642933502       14.6934000000
        0.3500000000        2.5908098545       14.3559960000
        0.3750000000        2.6173263588       14.0145105000
        0.4000000000        2.6438428631       13.6771065000
        0.4250000000        2.6703593674       13.3451445000
        0.4500000000        2.6968758717       13.0199850000
        0.4750000000        2.7233923760       12.7002675000
        0.5000000000        2.7499088803       12.3900735000
        0.5250000000        2.7764253846       12.0880425000
        0.5500000000        2.8029418889       12.0064125000
        0.5750000000        2.8294583932       12.0186570000
        0.6000000000        2.8559748974       11.9043750000
        0.6250000000        2.8824914017       11.7003000000
        0.6500000000        2.9090079060       11.3996295000
        0.6750000000        2.9355244103       11.0894355000
        0.7000000000        2.9620409146       10.7887650000
        0.7250000000        2.9885574189       10.4989785000
        0.7500000000        3.0150739232       10.2200760000
        0.7750000000        3.0415904275        9.9534180000
        0.8000000000        3.0681069318        9.7003650000
        0.8250000000        3.0946234361        9.4636380000
        0.8500000000        3.1211399404        9.2296320000
        0.8750000000        3.1476564447        9.0160335000
        0.9000000000        3.1741729490        8.8323660000
        0.9250000000        3.2006894533        8.6881530000
        0.9500000000        3.2272059576        8.5969995000
        0.9750000000        3.2537224619        8.5589055000
        1.0000000000        3.2802389662        8.5493820000
 
        0.0000000000        2.2195787944       14.4076950000
        0.0250000000        2.2460952987       14.5110930000
        0.0500000000        2.2726118030       14.6117700000
        0.0750000000        2.2991283073       14.7056445000
        0.1000000000        2.3256448116       14.7967980000
        0.1250000000        2.3521613159       14.8893120000
        0.1500000000        2.3786778201       14.9818260000
        0.1750000000        2.4051943244       15.0743400000
        0.2000000000        2.4317108287       15.1682145000
        0.2250000000        2.4582273330       15.2552865000
        0.2500000000        2.4847438373       15.3137880000
        0.2750000000        2.5112603416       15.2539260000
        0.3000000000        2.5377768459       15.2675310000
        0.3250000000        2.5642933502       15.4049415000
        0.3500000000        2.5908098545       15.4389540000
        0.3750000000        2.6173263588       15.1722960000
        0.4000000000        2.6438428631       14.8294500000
        0.4250000000        2.6703593674       14.4757200000
        0.4500000000        2.6968758717       14.1192690000
        0.4750000000        2.7233923760       13.7641785000
        0.5000000000        2.7499088803       13.4104485000
        0.5250000000        2.7764253846       13.0608000000
        0.5500000000        2.8029418889       12.7165935000
        0.5750000000        2.8294583932       12.3764685000
        0.6000000000        2.8559748974       12.0431460000
        0.6250000000        2.8824914017       11.7179865000
        0.6500000000        2.9090079060       11.4458865000
        0.6750000000        2.9355244103       11.1642630000
        0.7000000000        2.9620409146       10.8703950000
        0.7250000000        2.9885574189       10.5751665000
        0.7500000000        3.0150739232       10.2826590000
        0.7750000000        3.0415904275        9.9983145000
        0.8000000000        3.0681069318        9.7248540000
        0.8250000000        3.0946234361        9.4677195000
        0.8500000000        3.1211399404        9.2459580000
        0.8750000000        3.1476564447        9.0500460000
        0.9000000000        3.1741729490        8.8799835000
        0.9250000000        3.2006894533        8.7412125000
        0.9500000000        3.2272059576        8.6364540000
        0.9750000000        3.2537224619        8.5711500000
        1.0000000000        3.2802389662        8.5493820000
 
        0.0000000000        2.2195787944       14.6512245000
        0.0250000000        2.2460952987       14.8008795000
        0.0500000000        2.2726118030       14.9723025000
        0.0750000000        2.2991283073       15.1668540000
        0.1000000000        2.3256448116       15.3831735000
        0.1250000000        2.3521613159       15.6185400000
        0.1500000000        2.3786778201       15.8661510000
        0.1750000000        2.4051943244       16.0348530000
        0.2000000000        2.4317108287       16.1423325000
        0.2250000000        2.4582273330       16.2484515000
        0.2500000000        2.4847438373       15.9926775000
        0.2750000000        2.5112603416       15.8090100000
        0.3000000000        2.5377768459       15.8158125000
        0.3250000000        2.5642933502       15.9110475000
        0.3500000000        2.5908098545       15.7219380000
        0.3750000000        2.6173263588       15.8008470000
        0.4000000000        2.6438428631       15.7260195000
        0.4250000000        2.6703593674       15.4239885000
        0.4500000000        2.6968758717       15.1192365000
        0.4750000000        2.7233923760       14.8240080000
        0.5000000000        2.7499088803       14.5342215000
        0.5250000000        2.7764253846       14.3315070000
        0.5500000000        2.8029418889       14.2294695000
        0.5750000000        2.8294583932       14.2634820000
        0.6000000000        2.8559748974       14.4321840000
        0.6250000000        2.8824914017       14.7015630000
        0.6500000000        2.9090079060       15.0348855000
        0.6750000000        2.9355244103       15.4063020000
        0.7000000000        2.9620409146       15.8022075000
        0.7250000000        2.9885574189       16.2144390000
        0.7500000000        3.0150739232       16.6361940000
        0.7750000000        3.0415904275       17.0620305000
        0.8000000000        3.0681069318       17.4892275000
        0.8250000000        3.0946234361       17.9096220000
        0.8500000000        3.1211399404       18.3204930000
        0.8750000000        3.1476564447       18.7082355000
        0.9000000000        3.1741729490       19.0606050000
        0.9250000000        3.2006894533       19.3585545000
        0.9500000000        3.2272059576       19.5803160000
        0.9750000000        3.2537224619       19.7150055000
        1.0000000000        3.2802389662       19.7599020000
 
        0.0000000000        2.2195787944       15.2076690000
        0.0250000000        2.2460952987       15.3450795000
        0.0500000000        2.2726118030       15.4743270000
        0.0750000000        2.2991283073       15.5954115000
        0.1000000000        2.3256448116       15.7110540000
        0.1250000000        2.3521613159       15.8239755000
        0.1500000000        2.3786778201       15.9328155000
        0.1750000000        2.4051943244       16.1178435000
        0.2000000000        2.4317108287       16.3572915000
        0.2250000000        2.4582273330       16.2974295000
        0.2500000000        2.4847438373       16.3532100000
        0.2750000000        2.5112603416       16.4593290000
        0.3000000000        2.5377768459       16.2402885000
        0.3250000000        2.5642933502       15.9396180000
        0.3500000000        2.5908098545       16.0362135000
        0.3750000000        2.6173263588       16.0076430000
        0.4000000000        2.6438428631       15.9545835000
        0.4250000000        2.6703593674       16.1232855000
        0.4500000000        2.6968758717       16.2987900000
        0.4750000000        2.7233923760       16.4797365000
        0.5000000000        2.7499088803       16.6661250000
        0.5250000000        2.7764253846       16.8579555000
        0.5500000000        2.8029418889       17.0538675000
        0.5750000000        2.8294583932       17.2538610000
        0.6000000000        2.8559748974       17.4565755000
        0.6250000000        2.8824914017       17.6620110000
        0.6500000000        2.9090079060       17.8701675000
        0.6750000000        2.9355244103       18.0783240000
        0.7000000000        2.9620409146       18.2851200000
        0.7250000000        2.9885574189       18.4905555000
        0.7500000000        3.0150739232       18.6932700000
        0.7750000000        3.0415904275       18.8878215000
        0.8000000000        3.0681069318       19.0714890000
        0.8250000000        3.0946234361       19.2116205000
        0.8500000000        3.1211399404       19.3354260000
        0.8750000000        3.1476564447       19.4510685000
        0.9000000000        3.1741729490       19.5531060000
        0.9250000000        3.2006894533       19.6401780000
        0.9500000000        3.2272059576       19.7054820000
        0.9750000000        3.2537224619       19.7462970000
        1.0000000000        3.2802389662       19.7599020000
 
        0.0000000000        2.2195787944       15.7872420000
        0.0250000000        2.2460952987       15.9028845000
        0.0500000000        2.2726118030       16.0457370000
        0.0750000000        2.2991283073       16.2198810000
        0.1000000000        2.3256448116       16.3872225000
        0.1250000000        2.3521613159       16.5246330000
        0.1500000000        2.3786778201       16.6185075000
        0.1750000000        2.4051943244       16.6756485000
        0.2000000000        2.4317108287       16.6307520000
        0.2250000000        2.4582273330       16.5504825000
        0.2500000000        2.4847438373       16.6185075000
        0.2750000000        2.5112603416       16.4947020000
        0.3000000000        2.5377768459       16.5668085000
        0.3250000000        2.5642933502       16.4538870000
        0.3500000000        2.5908098545       16.2552540000
        0.3750000000        2.6173263588       16.1763450000
        0.4000000000        2.6438428631       16.3260000000
        0.4250000000        2.6703593674       16.4838180000
        0.4500000000        2.6968758717       16.6497990000
        0.4750000000        2.7233923760       16.8212220000
        0.5000000000        2.7499088803       16.9994475000
        0.5250000000        2.7764253846       17.1844755000
        0.5500000000        2.8029418889       17.3749455000
        0.5750000000        2.8294583932       17.5722180000
        0.6000000000        2.8559748974       17.7762930000
        0.6250000000        2.8824914017       17.9858100000
        0.6500000000        2.9090079060       18.2007690000
        0.6750000000        2.9355244103       18.3830760000
        0.7000000000        2.9620409146       18.5232075000
        0.7250000000        2.9885574189       18.6646995000
        0.7500000000        3.0150739232       18.8048310000
        0.7750000000        3.0415904275       18.9436020000
        0.8000000000        3.0681069318       19.0796520000
        0.8250000000        3.0946234361       19.2415515000
        0.8500000000        3.1211399404       19.3912065000
        0.8750000000        3.1476564447       19.5163725000
        0.9000000000        3.1741729490       19.6129680000
        0.9250000000        3.2006894533       19.6823535000
        0.9500000000        3.2272059576       19.7272500000
        0.9750000000        3.2537224619       19.7517390000
        1.0000000000        3.2802389662       19.7599020000
 
