        0.0000000000        0.0000000000       -9.2679981000
        0.0250000000        0.0216506351       -9.2734401000
        0.0500000000        0.0433012702       -9.2897661000
        0.0750000000        0.0649519053       -9.3169761000
        0.1000000000        0.0866025404       -9.3523491000
        0.1250000000        0.1082531755       -9.3972456000
        0.1500000000        0.1299038106       -9.4475841000
        0.1750000000        0.1515544457       -9.5033646000
        0.2000000000        0.1732050808       -9.5645871000
        0.2250000000        0.1948557159       -9.6285306000
        0.2500000000        0.2165063509       -9.6938346000
        0.2750000000        0.2381569860       -9.7618596000
        0.3000000000        0.2598076211       -9.8298846000
        0.3250000000        0.2814582562       -9.8979096000
        0.3500000000        0.3031088913       -9.9659346000
        0.3750000000        0.3247595264      -10.0325991000
        0.4000000000        0.3464101615      -10.0979031000
        0.4250000000        0.3680607966      -10.1618466000
        0.4500000000        0.3897114317      -10.2257901000
        0.4750000000        0.4113620668      -10.2856521000
        0.5000000000        0.4330127019      -10.3441536000
        0.5250000000        0.4546633370      -10.4012946000
        0.5500000000        0.4763139721      -10.4543541000
        0.5750000000        0.4979646072      -10.5060531000
        0.6000000000        0.5196152423      -10.5550311000
        0.6250000000        0.5412658774      -10.6012881000
        0.6500000000        0.5629165125      -10.6448241000
        0.6750000000        0.5845671476      -10.6856391000
        0.7000000000        0.6062177826      -10.7223726000
        0.7250000000        0.6278684177      -10.7577456000
        0.7500000000        0.6495190528      -10.7890371000
        0.7750000000        0.6711696879      -10.8176076000
        0.8000000000        0.6928203230      -10.8434571000
        0.8250000000        0.7144709581      -10.8665856000
        0.8500000000        0.7361215932      -10.8869931000
        0.8750000000        0.7577722283      -10.9033191000
        0.9000000000        0.7794228634      -10.9169241000
        0.9250000000        0.8010734985      -10.9278081000
        0.9500000000        0.8227241336      -10.9359711000
        0.9750000000        0.8443747687      -10.9400526000
        1.0000000000        0.8660254038      -10.9414131000
 
        0.0000000000        0.0000000000       -6.5320326000
        0.0250000000        0.0216506351       -6.5225091000
        0.0500000000        0.0433012702       -6.4966596000
        0.0750000000        0.0649519053       -6.4531236000
        0.1000000000        0.0866025404       -6.3946221000
        0.1250000000        0.1082531755       -6.3211551000
        0.1500000000        0.1299038106       -6.2340831000
        0.1750000000        0.1515544457       -6.1361271000
        0.2000000000        0.1732050808       -6.0259266000
        0.2250000000        0.1948557159       -5.9075631000
        0.2500000000        0.2165063509       -5.7796761000
        0.2750000000        0.2381569860       -5.6436261000
        0.3000000000        0.2598076211       -5.5007736000
        0.3250000000        0.2814582562       -5.3511186000
        0.3500000000        0.3031088913       -5.1960216000
        0.3750000000        0.3247595264       -5.0341221000
        0.4000000000        0.3464101615       -4.8681411000
        0.4250000000        0.3680607966       -4.6967181000
        0.4500000000        0.3897114317       -4.5212136000
        0.4750000000        0.4113620668       -4.3416276000
        0.5000000000        0.4330127019       -4.1565996000
        0.5250000000        0.4546633370       -3.9688506000
        0.5500000000        0.4763139721       -3.7756596000
        0.5750000000        0.4979646072       -3.5797476000
        0.6000000000        0.5196152423       -3.3797541000
        0.6250000000        0.5412658774       -3.1756791000
        0.6500000000        0.5629165125       -2.9688831000
        0.6750000000        0.5845671476       -2.7593661000
        0.7000000000        0.6062177826       -2.5457676000
        0.7250000000        0.6278684177       -2.3308086000
        0.7500000000        0.6495190528       -2.1117681000
        0.7750000000        0.6711696879       -1.8913671000
        0.8000000000        0.6928203230       -1.6709661000
        0.8250000000        0.7144709581       -1.4478441000
        0.8500000000        0.7361215932       -1.2260826000
        0.8750000000        0.7577722283       -1.0043211000
        0.9000000000        0.7794228634       -0.7839201000
        0.9250000000        0.8010734985       -0.5662401000
        0.9500000000        0.8227241336       -0.3540021000
        0.9750000000        0.8443747687       -0.1512876000
        1.0000000000        0.8660254038       -0.0002721000
 
        0.0000000000        0.0000000000       -1.2968286000
        0.0250000000        0.0216506351       -1.2954681000
        0.0500000000        0.0433012702       -1.2913866000
        0.0750000000        0.0649519053       -1.2845841000
        0.1000000000        0.0866025404       -1.2750606000
        0.1250000000        0.1082531755       -1.2628161000
        0.1500000000        0.1299038106       -1.2492111000
        0.1750000000        0.1515544457       -1.2315246000
        0.2000000000        0.1732050808       -1.2124776000
        0.2250000000        0.1948557159       -1.1907096000
        0.2500000000        0.2165063509       -1.1662206000
        0.2750000000        0.2381569860       -1.1390106000
        0.3000000000        0.2598076211       -1.1104401000
        0.3250000000        0.2814582562       -1.0791486000
        0.3500000000        0.3031088913       -1.0451361000
        0.3750000000        0.3247595264       -1.0097631000
        0.4000000000        0.3464101615       -0.9716691000
        0.4250000000        0.3680607966       -0.9322146000
        0.4500000000        0.3897114317       -0.8900391000
        0.4750000000        0.4113620668       -0.8465031000
        0.5000000000        0.4330127019       -0.8016066000
        0.5250000000        0.4546633370       -0.7553496000
        0.5500000000        0.4763139721       -0.7063716000
        0.5750000000        0.4979646072       -0.6573936000
        0.6000000000        0.5196152423       -0.6070551000
        0.6250000000        0.5412658774       -0.5553561000
        0.6500000000        0.5629165125       -0.5036571000
        0.6750000000        0.5845671476       -0.4505976000
        0.7000000000        0.6062177826       -0.3988986000
        0.7250000000        0.6278684177       -0.3485601000
        0.7500000000        0.6495190528       -0.2982216000
        0.7750000000        0.6711696879       -0.2492436000
        0.8000000000        0.6928203230       -0.2029866000
        0.8250000000        0.7144709581       -0.1608111000
        0.8500000000        0.7361215932       -0.1213566000
        0.8750000000        0.7577722283       -0.0859836000
        0.9000000000        0.7794228634       -0.0560526000
        0.9250000000        0.8010734985       -0.0315636000
        0.9500000000        0.8227241336       -0.0138771000
        0.9750000000        0.8443747687       -0.0029931000
        1.0000000000        0.8660254038       -0.0002721000
 
        0.0000000000        0.0000000000       -1.2968286000
        0.0250000000        0.0216506351       -1.2954681000
        0.0500000000        0.0433012702       -1.2913866000
        0.0750000000        0.0649519053       -1.2845841000
        0.1000000000        0.0866025404       -1.2750606000
        0.1250000000        0.1082531755       -1.2628161000
        0.1500000000        0.1299038106       -1.2492111000
        0.1750000000        0.1515544457       -1.2315246000
        0.2000000000        0.1732050808       -1.2124776000
        0.2250000000        0.1948557159       -1.1907096000
        0.2500000000        0.2165063509       -1.1662206000
        0.2750000000        0.2381569860       -1.1390106000
        0.3000000000        0.2598076211       -1.1104401000
        0.3250000000        0.2814582562       -1.0791486000
        0.3500000000        0.3031088913       -1.0451361000
        0.3750000000        0.3247595264       -1.0097631000
        0.4000000000        0.3464101615       -0.9716691000
        0.4250000000        0.3680607966       -0.9322146000
        0.4500000000        0.3897114317       -0.8900391000
        0.4750000000        0.4113620668       -0.8465031000
        0.5000000000        0.4330127019       -0.8016066000
        0.5250000000        0.4546633370       -0.7553496000
        0.5500000000        0.4763139721       -0.7063716000
        0.5750000000        0.4979646072       -0.6573936000
        0.6000000000        0.5196152423       -0.6070551000
        0.6250000000        0.5412658774       -0.5553561000
        0.6500000000        0.5629165125       -0.5036571000
        0.6750000000        0.5845671476       -0.4505976000
        0.7000000000        0.6062177826       -0.3988986000
        0.7250000000        0.6278684177       -0.3485601000
        0.7500000000        0.6495190528       -0.2982216000
        0.7750000000        0.6711696879       -0.2492436000
        0.8000000000        0.6928203230       -0.2029866000
        0.8250000000        0.7144709581       -0.1608111000
        0.8500000000        0.7361215932       -0.1213566000
        0.8750000000        0.7577722283       -0.0859836000
        0.9000000000        0.7794228634       -0.0560526000
        0.9250000000        0.8010734985       -0.0315636000
        0.9500000000        0.8227241336       -0.0138771000
        0.9750000000        0.8443747687       -0.0029931000
        1.0000000000        0.8660254038       -0.0002721000
 
        0.0000000000        0.0000000000        0.4391694000
        0.0250000000        0.0216506351        0.4405299000
        0.0500000000        0.0433012702        0.4432509000
        0.0750000000        0.0649519053        0.4486929000
        0.1000000000        0.0866025404        0.4554954000
        0.1250000000        0.1082531755        0.4650189000
        0.1500000000        0.1299038106        0.4772634000
        0.1750000000        0.1515544457        0.4908684000
        0.2000000000        0.1732050808        0.5071944000
        0.2250000000        0.1948557159        0.5248809000
        0.2500000000        0.2165063509        0.5452884000
        0.2750000000        0.2381569860        0.5684169000
        0.3000000000        0.2598076211        0.5929059000
        0.3250000000        0.2814582562        0.6201159000
        0.3500000000        0.3031088913        0.6500469000
        0.3750000000        0.3247595264        0.6799779000
        0.4000000000        0.3464101615        0.7126299000
        0.4250000000        0.3680607966        0.7452819000
        0.4500000000        0.3897114317        0.7792944000
        0.4750000000        0.4113620668        0.8146674000
        0.5000000000        0.4330127019        0.8500404000
        0.5250000000        0.4546633370        0.8854134000
        0.5500000000        0.4763139721        0.9207864000
        0.5750000000        0.4979646072        0.9547989000
        0.6000000000        0.5196152423        0.9874509000
        0.6250000000        0.5412658774        1.0173819000
        0.6500000000        0.5629165125        1.0459524000
        0.6750000000        0.5845671476        1.0690809000
        0.7000000000        0.6062177826        1.0881279000
        0.7250000000        0.6278684177        1.0976514000
        0.7500000000        0.6495190528        1.0990119000
        0.7750000000        0.6711696879        1.0867674000
        0.8000000000        0.6928203230        1.0581969000
        0.8250000000        0.7144709581        1.0105794000
        0.8500000000        0.7361215932        0.9398334000
        0.8750000000        0.7577722283        0.8459589000
        0.9000000000        0.7794228634        0.7275954000
        0.9250000000        0.8010734985        0.5874639000
        0.9500000000        0.8227241336        0.4282854000
        0.9750000000        0.8443747687        0.2555019000
        1.0000000000        0.8660254038        0.1153704000
 
        0.0000000000        0.0000000000        3.6377049000
        0.0250000000        0.0216506351        3.6377049000
        0.0500000000        0.0433012702        3.6390654000
        0.0750000000        0.0649519053        3.6404259000
        0.1000000000        0.0866025404        3.6431469000
        0.1250000000        0.1082531755        3.6445074000
        0.1500000000        0.1299038106        3.6472284000
        0.1750000000        0.1515544457        3.6499494000
        0.2000000000        0.1732050808        3.6526704000
        0.2250000000        0.1948557159        3.6526704000
        0.2500000000        0.2165063509        3.6526704000
        0.2750000000        0.2381569860        3.6513099000
        0.3000000000        0.2598076211        3.6485889000
        0.3250000000        0.2814582562        3.6417864000
        0.3500000000        0.3031088913        3.6336234000
        0.3750000000        0.3247595264        3.6213789000
        0.4000000000        0.3464101615        3.6050529000
        0.4250000000        0.3680607966        3.5846454000
        0.4500000000        0.3897114317        3.5601564000
        0.4750000000        0.4113620668        3.5315859000
        0.5000000000        0.4330127019        3.4975734000
        0.5250000000        0.4546633370        3.4594794000
        0.5500000000        0.4763139721        3.4159434000
        0.5750000000        0.4979646072        3.3669654000
        0.6000000000        0.5196152423        3.3152664000
        0.6250000000        0.5412658774        3.2594859000
        0.6500000000        0.5629165125        3.2009844000
        0.6750000000        0.5845671476        3.1397619000
        0.7000000000        0.6062177826        3.0771789000
        0.7250000000        0.6278684177        3.0145959000
        0.7500000000        0.6495190528        2.9520129000
        0.7750000000        0.6711696879        2.8894299000
        0.8000000000        0.6928203230        2.8309284000
        0.8250000000        0.7144709581        2.7751479000
        0.8500000000        0.7361215932        2.7234489000
        0.8750000000        0.7577722283        2.6771919000
        0.9000000000        0.7794228634        2.6377374000
        0.9250000000        0.8010734985        2.6064459000
        0.9500000000        0.8227241336        2.5833174000
        0.9750000000        0.8443747687        2.5697124000
        1.0000000000        0.8660254038        2.5642704000
 
        0.0000000000        0.0000000000        3.6377049000
        0.0250000000        0.0216506351        3.6377049000
        0.0500000000        0.0433012702        3.6390654000
        0.0750000000        0.0649519053        3.6404259000
        0.1000000000        0.0866025404        3.6431469000
        0.1250000000        0.1082531755        3.6445074000
        0.1500000000        0.1299038106        3.6472284000
        0.1750000000        0.1515544457        3.6499494000
        0.2000000000        0.1732050808        3.6526704000
        0.2250000000        0.1948557159        3.6526704000
        0.2500000000        0.2165063509        3.6526704000
        0.2750000000        0.2381569860        3.6513099000
        0.3000000000        0.2598076211        3.6485889000
        0.3250000000        0.2814582562        3.6417864000
        0.3500000000        0.3031088913        3.6336234000
        0.3750000000        0.3247595264        3.6213789000
        0.4000000000        0.3464101615        3.6050529000
        0.4250000000        0.3680607966        3.5846454000
        0.4500000000        0.3897114317        3.5601564000
        0.4750000000        0.4113620668        3.5315859000
        0.5000000000        0.4330127019        3.4975734000
        0.5250000000        0.4546633370        3.4594794000
        0.5500000000        0.4763139721        3.4159434000
        0.5750000000        0.4979646072        3.3669654000
        0.6000000000        0.5196152423        3.3152664000
        0.6250000000        0.5412658774        3.2594859000
        0.6500000000        0.5629165125        3.2009844000
        0.6750000000        0.5845671476        3.1397619000
        0.7000000000        0.6062177826        3.0771789000
        0.7250000000        0.6278684177        3.0145959000
        0.7500000000        0.6495190528        2.9520129000
        0.7750000000        0.6711696879        2.8894299000
        0.8000000000        0.6928203230        2.8309284000
        0.8250000000        0.7144709581        2.7751479000
        0.8500000000        0.7361215932        2.7234489000
        0.8750000000        0.7577722283        2.6771919000
        0.9000000000        0.7794228634        2.6377374000
        0.9250000000        0.8010734985        2.6064459000
        0.9500000000        0.8227241336        2.5833174000
        0.9750000000        0.8443747687        2.5697124000
        1.0000000000        0.8660254038        2.5642704000
 
        0.0000000000        0.0000000000        5.9804859000
        0.0250000000        0.0216506351        5.9832069000
        0.0500000000        0.0433012702        5.9886489000
        0.0750000000        0.0649519053        5.9981724000
        0.1000000000        0.0866025404        6.0104169000
        0.1250000000        0.1082531755        6.0267429000
        0.1500000000        0.1299038106        6.0457899000
        0.1750000000        0.1515544457        6.0675579000
        0.2000000000        0.1732050808        6.0893259000
        0.2250000000        0.1948557159        6.1124544000
        0.2500000000        0.2165063509        6.1328619000
        0.2750000000        0.2381569860        6.1505484000
        0.3000000000        0.2598076211        6.1573509000
        0.3250000000        0.2814582562        6.1423854000
        0.3500000000        0.3031088913        6.0879654000
        0.3750000000        0.3247595264        5.9832069000
        0.4000000000        0.3464101615        5.8376334000
        0.4250000000        0.3680607966        5.6689314000
        0.4500000000        0.3897114317        5.4879849000
        0.4750000000        0.4113620668        5.3015964000
        0.5000000000        0.4330127019        5.1124869000
        0.5250000000        0.4546633370        4.9233774000
        0.5500000000        0.4763139721        4.7342679000
        0.5750000000        0.4979646072        4.5451584000
        0.6000000000        0.5196152423        4.3587699000
        0.6250000000        0.5412658774        4.1737419000
        0.6500000000        0.5629165125        3.9914349000
        0.6750000000        0.5845671476        3.8132094000
        0.7000000000        0.6062177826        3.6377049000
        0.7250000000        0.6278684177        3.4703634000
        0.7500000000        0.6495190528        3.3098244000
        0.7750000000        0.6711696879        3.1615299000
        0.8000000000        0.6928203230        3.0254799000
        0.8250000000        0.7144709581        2.9057559000
        0.8500000000        0.7361215932        2.8037184000
        0.8750000000        0.7577722283        2.7220884000
        0.9000000000        0.7794228634        2.6608659000
        0.9250000000        0.8010734985        2.6159694000
        0.9500000000        0.8227241336        2.5860384000
        0.9750000000        0.8443747687        2.5697124000
        1.0000000000        0.8660254038        2.5642704000
 
        0.0000000000        0.0000000000        9.1041939000
        0.0250000000        0.0216506351        9.0348084000
        0.0500000000        0.0433012702        8.8783509000
        0.0750000000        0.0649519053        8.6919624000
        0.1000000000        0.0866025404        8.4946899000
        0.1250000000        0.1082531755        8.2946964000
        0.1500000000        0.1299038106        8.0906214000
        0.1750000000        0.1515544457        7.8879069000
        0.2000000000        0.1732050808        7.6865529000
        0.2250000000        0.1948557159        7.4879199000
        0.2500000000        0.2165063509        7.2920079000
        0.2750000000        0.2381569860        7.1042589000
        0.3000000000        0.2598076211        6.9301149000
        0.3250000000        0.2814582562        6.7804599000
        0.3500000000        0.3031088913        6.6729804000
        0.3750000000        0.3247595264        6.6185604000
        0.4000000000        0.3464101615        6.6076764000
        0.4250000000        0.3680607966        6.6240024000
        0.4500000000        0.3897114317        6.6525729000
        0.4750000000        0.4113620668        6.6879459000
        0.5000000000        0.4330127019        6.7260399000
        0.5250000000        0.4546633370        6.7614129000
        0.5500000000        0.4763139721        6.7899834000
        0.5750000000        0.4979646072        6.8103909000
        0.6000000000        0.5196152423        6.8131119000
        0.6250000000        0.5412658774        6.7954254000
        0.6500000000        0.5629165125        6.7518894000
        0.6750000000        0.5845671476        6.6825039000
        0.7000000000        0.6062177826        6.5886294000
        0.7250000000        0.6278684177        6.4757079000
        0.7500000000        0.6495190528        6.3519024000
        0.7750000000        0.6711696879        6.2212944000
        0.8000000000        0.6928203230        6.0920469000
        0.8250000000        0.7144709581        5.9668809000
        0.8500000000        0.7361215932        5.8512384000
        0.8750000000        0.7577722283        5.7464799000
        0.9000000000        0.7794228634        5.6566869000
        0.9250000000        0.8010734985        5.5873014000
        0.9500000000        0.8227241336        5.5342419000
        0.9750000000        0.8443747687        5.5029504000
        1.0000000000        0.8660254038        5.4920664000
 
        0.0000000000        0.0000000000        9.4402374000
        0.0250000000        0.0216506351        9.4130274000
        0.0500000000        0.0433012702        9.3354789000
        0.0750000000        0.0649519053        9.2239179000
        0.1000000000        0.0866025404        9.0919494000
        0.1250000000        0.1082531755        8.9490969000
        0.1500000000        0.1299038106        8.8021629000
        0.1750000000        0.1515544457        8.6552289000
        0.2000000000        0.1732050808        8.5096554000
        0.2250000000        0.1948557159        8.3668029000
        0.2500000000        0.2165063509        8.2280319000
        0.2750000000        0.2381569860        8.0974239000
        0.3000000000        0.2598076211        7.9736184000
        0.3250000000        0.2814582562        7.8566154000
        0.3500000000        0.3031088913        7.7491359000
        0.3750000000        0.3247595264        7.6498194000
        0.4000000000        0.3464101615        7.5613869000
        0.4250000000        0.3680607966        7.4838384000
        0.4500000000        0.3897114317        7.4158134000
        0.4750000000        0.4113620668        7.3600329000
        0.5000000000        0.4330127019        7.3164969000
        0.5250000000        0.4546633370        7.2838449000
        0.5500000000        0.4763139721        7.2647979000
        0.5750000000        0.4979646072        7.2566349000
        0.6000000000        0.5196152423        7.2593559000
        0.6250000000        0.5412658774        7.2743214000
        0.6500000000        0.5629165125        7.3015314000
        0.6750000000        0.5845671476        7.3382649000
        0.7000000000        0.6062177826        7.3845219000
        0.7250000000        0.6278684177        7.4416629000
        0.7500000000        0.6495190528        7.5069669000
        0.7750000000        0.6711696879        7.5817944000
        0.8000000000        0.6928203230        7.6647849000
        0.8250000000        0.7144709581        7.7545779000
        0.8500000000        0.7361215932        7.8511734000
        0.8750000000        0.7577722283        7.9559319000
        0.9000000000        0.7794228634        8.0647719000
        0.9250000000        0.8010734985        8.1776934000
        0.9500000000        0.8227241336        8.2906149000
        0.9750000000        0.8443747687        8.3926524000
        1.0000000000        0.8660254038        8.4429909000
 
        0.0000000000        0.0000000000        9.4402374000
        0.0250000000        0.0216506351        9.4130274000
        0.0500000000        0.0433012702        9.3354789000
        0.0750000000        0.0649519053        9.2239179000
        0.1000000000        0.0866025404        9.0919494000
        0.1250000000        0.1082531755        8.9490969000
        0.1500000000        0.1299038106        8.8021629000
        0.1750000000        0.1515544457        8.6552289000
        0.2000000000        0.1732050808        8.5096554000
        0.2250000000        0.1948557159        8.3668029000
        0.2500000000        0.2165063509        8.2280319000
        0.2750000000        0.2381569860        8.0974239000
        0.3000000000        0.2598076211        7.9736184000
        0.3250000000        0.2814582562        7.8566154000
        0.3500000000        0.3031088913        7.7491359000
        0.3750000000        0.3247595264        7.6498194000
        0.4000000000        0.3464101615        7.5613869000
        0.4250000000        0.3680607966        7.4838384000
        0.4500000000        0.3897114317        7.4158134000
        0.4750000000        0.4113620668        7.3600329000
        0.5000000000        0.4330127019        7.3164969000
        0.5250000000        0.4546633370        7.2838449000
        0.5500000000        0.4763139721        7.2647979000
        0.5750000000        0.4979646072        7.2566349000
        0.6000000000        0.5196152423        7.2593559000
        0.6250000000        0.5412658774        7.2743214000
        0.6500000000        0.5629165125        7.3015314000
        0.6750000000        0.5845671476        7.3382649000
        0.7000000000        0.6062177826        7.3845219000
        0.7250000000        0.6278684177        7.4416629000
        0.7500000000        0.6495190528        7.5069669000
        0.7750000000        0.6711696879        7.5817944000
        0.8000000000        0.6928203230        7.6647849000
        0.8250000000        0.7144709581        7.7545779000
        0.8500000000        0.7361215932        7.8511734000
        0.8750000000        0.7577722283        7.9559319000
        0.9000000000        0.7794228634        8.0647719000
        0.9250000000        0.8010734985        8.1776934000
        0.9500000000        0.8227241336        8.2906149000
        0.9750000000        0.8443747687        8.3926524000
        1.0000000000        0.8660254038        8.4429909000
 
        0.0000000000        0.0000000000        9.6728829000
        0.0250000000        0.0216506351        9.7409079000
        0.0500000000        0.0433012702        9.8919234000
        0.0750000000        0.0649519053       10.0687884000
        0.1000000000        0.0866025404       10.2497349000
        0.1250000000        0.1082531755       10.4238789000
        0.1500000000        0.1299038106       10.5830574000
        0.1750000000        0.1515544457       10.7177469000
        0.2000000000        0.1732050808       10.8197844000
        0.2250000000        0.1948557159       10.8796464000
        0.2500000000        0.2165063509       10.8878094000
        0.2750000000        0.2381569860       10.8469944000
        0.3000000000        0.2598076211       10.7572014000
        0.3250000000        0.2814582562       10.6265934000
        0.3500000000        0.3031088913       10.4646939000
        0.3750000000        0.3247595264       10.2810264000
        0.4000000000        0.3464101615       10.0823934000
        0.4250000000        0.3680607966        9.8728764000
        0.4500000000        0.3897114317        9.6606384000
        0.4750000000        0.4113620668        9.4484004000
        0.5000000000        0.4330127019        9.2388834000
        0.5250000000        0.4546633370        9.0375294000
        0.5500000000        0.4763139721        8.8484199000
        0.5750000000        0.4979646072        8.6756364000
        0.6000000000        0.5196152423        8.5259814000
        0.6250000000        0.5412658774        8.4048969000
        0.6500000000        0.5629165125        8.3164644000
        0.6750000000        0.5845671476        8.2634049000
        0.7000000000        0.6062177826        8.2402764000
        0.7250000000        0.6278684177        8.2457184000
        0.7500000000        0.6495190528        8.2729284000
        0.7750000000        0.6711696879        8.3164644000
        0.8000000000        0.6928203230        8.3708844000
        0.8250000000        0.7144709581        8.4334674000
        0.8500000000        0.7361215932        8.4987714000
        0.8750000000        0.7577722283        8.5640754000
        0.9000000000        0.7794228634        8.6252979000
        0.9250000000        0.8010734985        8.6797179000
        0.9500000000        0.8227241336        8.7232539000
        0.9750000000        0.8443747687        8.7504639000
        1.0000000000        0.8660254038        8.7599874000
 
        0.0000000000        0.0000000000       10.7680854000
        0.0250000000        0.0216506351       10.8007374000
        0.0500000000        0.0433012702       10.8918909000
        0.0750000000        0.0649519053       11.0252199000
        0.1000000000        0.0866025404       11.1884799000
        0.1250000000        0.1082531755       11.3707869000
        0.1500000000        0.1299038106       11.5666989000
        0.1750000000        0.1515544457       11.7734949000
        0.2000000000        0.1732050808       11.9870934000
        0.2250000000        0.1948557159       12.2074944000
        0.2500000000        0.2165063509       12.4333374000
        0.2750000000        0.2381569860       12.6632619000
        0.3000000000        0.2598076211       12.8972679000
        0.3250000000        0.2814582562       13.1353554000
        0.3500000000        0.3031088913       13.3693614000
        0.3750000000        0.3247595264       13.3924899000
        0.4000000000        0.3464101615       13.1775309000
        0.4250000000        0.3680607966       12.9584904000
        0.4500000000        0.3897114317       12.7394499000
        0.4750000000        0.4113620668       12.5217699000
        0.5000000000        0.4330127019       12.3054504000
        0.5250000000        0.4546633370       12.0904914000
        0.5500000000        0.4763139721       11.8782534000
        0.5750000000        0.4979646072       11.6673759000
        0.6000000000        0.5196152423       11.4578589000
        0.6250000000        0.5412658774       11.2510629000
        0.6500000000        0.5629165125       11.0483484000
        0.6750000000        0.5845671476       10.8483549000
        0.7000000000        0.6062177826       10.6510824000
        0.7250000000        0.6278684177       10.4578914000
        0.7500000000        0.6495190528       10.2687819000
        0.7750000000        0.6711696879       10.0837539000
        0.8000000000        0.6928203230        9.9028074000
        0.8250000000        0.7144709581        9.7273029000
        0.8500000000        0.7361215932        9.5558799000
        0.8750000000        0.7577722283        9.3885384000
        0.9000000000        0.7794228634        9.2293599000
        0.9250000000        0.8010734985        9.0756234000
        0.9500000000        0.8227241336        8.9341314000
        0.9750000000        0.8443747687        8.8157679000
        1.0000000000        0.8660254038        8.7599874000
 
        0.0000000000        0.0000000000       10.7680854000
        0.0250000000        0.0216506351       10.8007374000
        0.0500000000        0.0433012702       10.8918909000
        0.0750000000        0.0649519053       11.0252199000
        0.1000000000        0.0866025404       11.1884799000
        0.1250000000        0.1082531755       11.3707869000
        0.1500000000        0.1299038106       11.5666989000
        0.1750000000        0.1515544457       11.7734949000
        0.2000000000        0.1732050808       11.9870934000
        0.2250000000        0.1948557159       12.2074944000
        0.2500000000        0.2165063509       12.4333374000
        0.2750000000        0.2381569860       12.6632619000
        0.3000000000        0.2598076211       12.8972679000
        0.3250000000        0.2814582562       13.1353554000
        0.3500000000        0.3031088913       13.3693614000
        0.3750000000        0.3247595264       13.3924899000
        0.4000000000        0.3464101615       13.1775309000
        0.4250000000        0.3680607966       12.9584904000
        0.4500000000        0.3897114317       12.7394499000
        0.4750000000        0.4113620668       12.5217699000
        0.5000000000        0.4330127019       12.3054504000
        0.5250000000        0.4546633370       12.0904914000
        0.5500000000        0.4763139721       11.8782534000
        0.5750000000        0.4979646072       11.6673759000
        0.6000000000        0.5196152423       11.4578589000
        0.6250000000        0.5412658774       11.2510629000
        0.6500000000        0.5629165125       11.0483484000
        0.6750000000        0.5845671476       10.8483549000
        0.7000000000        0.6062177826       10.6510824000
        0.7250000000        0.6278684177       10.4578914000
        0.7500000000        0.6495190528       10.2687819000
        0.7750000000        0.6711696879       10.0837539000
        0.8000000000        0.6928203230        9.9028074000
        0.8250000000        0.7144709581        9.7273029000
        0.8500000000        0.7361215932        9.5558799000
        0.8750000000        0.7577722283        9.3885384000
        0.9000000000        0.7794228634        9.2293599000
        0.9250000000        0.8010734985        9.0756234000
        0.9500000000        0.8227241336        8.9341314000
        0.9750000000        0.8443747687        8.8157679000
        1.0000000000        0.8660254038        8.7599874000
 
        0.0000000000        0.0000000000       14.9733909000
        0.0250000000        0.0216506351       14.9420994000
        0.0500000000        0.0433012702       14.8509459000
        0.0750000000        0.0649519053       14.7176169000
        0.1000000000        0.0866025404       14.5584384000
        0.1250000000        0.1082531755       14.3924574000
        0.1500000000        0.1299038106       14.2305579000
        0.1750000000        0.1515544457       14.0890659000
        0.2000000000        0.1732050808       13.9802259000
        0.2250000000        0.1948557159       13.9162824000
        0.2500000000        0.2165063509       13.9013169000
        0.2750000000        0.2381569860       13.9434924000
        0.3000000000        0.2598076211       14.0387274000
        0.3250000000        0.2814582562       13.8700254000
        0.3500000000        0.3031088913       13.6482639000
        0.3750000000        0.3247595264       13.6455429000
        0.4000000000        0.3464101615       13.8863514000
        0.4250000000        0.3680607966       14.1380439000
        0.4500000000        0.3897114317       14.3938179000
        0.4750000000        0.4113620668       14.6550339000
        0.5000000000        0.4330127019       14.6087769000
        0.5250000000        0.4546633370       14.3951784000
        0.5500000000        0.4763139721       14.1843009000
        0.5750000000        0.4979646072       13.9761444000
        0.6000000000        0.5196152423       13.7707089000
        0.6250000000        0.5412658774       13.5679944000
        0.6500000000        0.5629165125       13.3666404000
        0.6750000000        0.5845671476       13.1448789000
        0.7000000000        0.6062177826       12.9476064000
        0.7250000000        0.6278684177       12.7530549000
        0.7500000000        0.6495190528       12.5612244000
        0.7750000000        0.6711696879       12.3748359000
        0.8000000000        0.6928203230       12.1938894000
        0.8250000000        0.7144709581       12.0211059000
        0.8500000000        0.7361215932       11.8592064000
        0.8750000000        0.7577722283       11.6945859000
        0.9000000000        0.7794228634       11.5666989000
        0.9250000000        0.8010734985       11.4578589000
        0.9500000000        0.8227241336       11.3775894000
        0.9750000000        0.8443747687       11.3286114000
        1.0000000000        0.8660254038       11.3109249000
 
        0.0000000000        0.0000000000       16.6182354000
        0.0250000000        0.0216506351       16.5692574000
        0.0500000000        0.0433012702       16.4386494000
        0.0750000000        0.0649519053       16.2536214000
        0.1000000000        0.0866025404       16.0373019000
        0.1250000000        0.1082531755       15.8046564000
        0.1500000000        0.1299038106       15.5624874000
        0.1750000000        0.1515544457       15.3162369000
        0.2000000000        0.1732050808       15.0686259000
        0.2250000000        0.1948557159       14.8237359000
        0.2500000000        0.2165063509       14.5788459000
        0.2750000000        0.2381569860       14.3393979000
        0.3000000000        0.2598076211       14.1026709000
        0.3250000000        0.2814582562       13.8700254000
        0.3500000000        0.3031088913       13.6482639000
        0.3750000000        0.3247595264       13.6455429000
        0.4000000000        0.3464101615       13.8863514000
        0.4250000000        0.3680607966       14.1380439000
        0.4500000000        0.3897114317       14.3951784000
        0.4750000000        0.4113620668       14.6550339000
        0.5000000000        0.4330127019       14.9176104000
        0.5250000000        0.4546633370       15.1842684000
        0.5500000000        0.4763139721       15.4522869000
        0.5750000000        0.4979646072       15.7216659000
        0.6000000000        0.5196152423       15.9910449000
        0.6250000000        0.5412658774       16.2617844000
        0.6500000000        0.5629165125       16.5311634000
        0.6750000000        0.5845671476       16.7964609000
        0.7000000000        0.6062177826       17.0617584000
        0.7250000000        0.6278684177       17.3216139000
        0.7500000000        0.6495190528       17.5760274000
        0.7750000000        0.6711696879       17.8222779000
        0.8000000000        0.6928203230       18.0576444000
        0.8250000000        0.7144709581       18.2780454000
        0.8500000000        0.7361215932       18.4793994000
        0.8750000000        0.7577722283       18.6562644000
        0.9000000000        0.7794228634       18.8086404000
        0.9250000000        0.8010734985       18.9283644000
        0.9500000000        0.8227241336       19.0167969000
        0.9750000000        0.8443747687       19.0698564000
        1.0000000000        0.8660254038       19.0875429000
 
        0.0000000000        0.0000000000       16.6182354000
        0.0250000000        0.0216506351       16.5692574000
        0.0500000000        0.0433012702       16.4386494000
        0.0750000000        0.0649519053       16.2536214000
        0.1000000000        0.0866025404       16.0373019000
        0.1250000000        0.1082531755       15.8046564000
        0.1500000000        0.1299038106       15.5624874000
        0.1750000000        0.1515544457       15.3162369000
        0.2000000000        0.1732050808       15.0686259000
        0.2250000000        0.1948557159       14.8237359000
        0.2500000000        0.2165063509       14.5788459000
        0.2750000000        0.2381569860       14.3393979000
        0.3000000000        0.2598076211       14.1026709000
        0.3250000000        0.2814582562       14.1761379000
        0.3500000000        0.3031088913       14.3502819000
        0.3750000000        0.3247595264       14.5489149000
        0.4000000000        0.3464101615       14.7638739000
        0.4250000000        0.3680607966       14.9679489000
        0.4500000000        0.3897114317       15.0006009000
        0.4750000000        0.4113620668       14.8210149000
        0.5000000000        0.4330127019       14.9176104000
        0.5250000000        0.4546633370       15.1842684000
        0.5500000000        0.4763139721       15.4522869000
        0.5750000000        0.4979646072       15.7216659000
        0.6000000000        0.5196152423       15.9910449000
        0.6250000000        0.5412658774       16.2617844000
        0.6500000000        0.5629165125       16.5311634000
        0.6750000000        0.5845671476       16.7964609000
        0.7000000000        0.6062177826       17.0617584000
        0.7250000000        0.6278684177       17.3216139000
        0.7500000000        0.6495190528       17.5760274000
        0.7750000000        0.6711696879       17.8222779000
        0.8000000000        0.6928203230       18.0576444000
        0.8250000000        0.7144709581       18.2780454000
        0.8500000000        0.7361215932       18.4793994000
        0.8750000000        0.7577722283       18.6562644000
        0.9000000000        0.7794228634       18.8086404000
        0.9250000000        0.8010734985       18.9283644000
        0.9500000000        0.8227241336       19.0167969000
        0.9750000000        0.8443747687       19.0698564000
        1.0000000000        0.8660254038       19.0875429000
 
        0.0000000000        0.0000000000       17.8658139000
        0.0250000000        0.0216506351       17.9052684000
        0.0500000000        0.0433012702       18.0195504000
        0.0750000000        0.0649519053       18.1855314000
        0.1000000000        0.0866025404       18.3637569000
        0.1250000000        0.1082531755       18.4304214000
        0.1500000000        0.1299038106       18.2671614000
        0.1750000000        0.1515544457       18.0127479000
        0.2000000000        0.1732050808       17.7379269000
        0.2250000000        0.1948557159       17.4590244000
        0.2500000000        0.2165063509       17.1692379000
        0.2750000000        0.2381569860       16.8930564000
        0.3000000000        0.2598076211       16.6209564000
        0.3250000000        0.2814582562       16.3542984000
        0.3500000000        0.3031088913       16.0930824000
        0.3750000000        0.3247595264       15.8400294000
        0.4000000000        0.3464101615       15.6005814000
        0.4250000000        0.3680607966       15.3951459000
        0.4500000000        0.3897114317       15.3801804000
        0.4750000000        0.4113620668       15.5964999000
        0.5000000000        0.4330127019       15.8604369000
        0.5250000000        0.4546633370       16.1406999000
        0.5500000000        0.4763139721       16.4291259000
        0.5750000000        0.4979646072       16.7257149000
        0.6000000000        0.5196152423       17.0263854000
        0.6250000000        0.5412658774       17.3311374000
        0.6500000000        0.5629165125       17.6399709000
        0.6750000000        0.5845671476       17.9488044000
        0.7000000000        0.6062177826       18.2603589000
        0.7250000000        0.6278684177       18.5705529000
        0.7500000000        0.6495190528       18.8821074000
        0.7750000000        0.6711696879       19.1923014000
        0.8000000000        0.6928203230       19.2916179000
        0.8250000000        0.7144709581       19.2630474000
        0.8500000000        0.7361215932       19.2344769000
        0.8750000000        0.7577722283       19.1623704000
        0.9000000000        0.7794228634       19.1365209000
        0.9250000000        0.8010734985       19.1161134000
        0.9500000000        0.8227241336       19.0997874000
        0.9750000000        0.8443747687       19.0902639000
        1.0000000000        0.8660254038       19.0875429000
 
