        0.0000000000        2.7571247959       -7.4968992000
        0.0249926900        2.7737865425       -7.4955387000
        0.0499983721        2.7904569504       -7.4941782000
        0.0749985647        2.8071236988       -7.4928177000
        0.0999912548        2.8237854454       -7.4900967000
        0.1249969368        2.8404558533       -7.4873757000
        0.1499971295        2.8571226016       -7.4832942000
        0.1750028115        2.8737930095       -7.4778522000
        0.1999955016        2.8904547562       -7.4724102000
        0.2249956942        2.9071215045       -7.4669682000
        0.2500013762        2.9237919124       -7.4601657000
        0.2749940663        2.9404536590       -7.4533632000
        0.2999942589        2.9571204073       -7.4465607000
        0.3249999410        2.9737908153       -7.4383977000
        0.3499926310        2.9904525619       -7.4315952000
        0.3750058118        3.0071279689       -7.4220717000
        0.3999985018        3.0237897155       -7.4152692000
        0.4249911919        3.0404514621       -7.4071062000
        0.4500043726        3.0571268692       -7.4003037000
        0.4749970627        3.0737886158       -7.3948617000
        0.4999897527        3.0904503624       -7.4139087000
        0.5250029334        3.1071257694       -7.4302347000
        0.5499956235        3.1237875160       -7.4438397000
        0.5750013055        3.1404579239       -7.4560842000
        0.6000014982        3.1571246723       -7.4656077000
        0.6249941882        3.1737864189       -7.4724102000
        0.6499998703        3.1904568268       -7.4778522000
        0.6750000629        3.2071235751       -7.4805732000
        0.6999927530        3.2237853217       -7.4819337000
        0.7249984350        3.2404557296       -7.4832942000
        0.7499986277        3.2571224780       -7.4832942000
        0.7750043097        3.2737928859       -7.4819337000
        0.7999969997        3.2904546325       -7.4792127000
        0.8249971924        3.3071213808       -7.4778522000
        0.8500028744        3.3237917887       -7.4764917000
        0.8749955645        3.3404535353       -7.4737707000
        0.8999957571        3.3571202837       -7.4724102000
        0.9250014392        3.3737906916       -7.4710497000
        0.9499941292        3.3904524382       -7.4696892000
        0.9750073100        3.4071278452       -7.4696892000
        1.0000000000        3.4237895919       -7.4696892000
 
        0.0000000000        2.7571247959       -7.0370502000
        0.0249926900        2.7737865425       -7.0520157000
        0.0499983721        2.7904569504       -7.0669812000
        0.0749985647        2.8071236988       -7.0819467000
        0.0999912548        2.8237854454       -7.0969122000
        0.1249969368        2.8404558533       -7.1118777000
        0.1499971295        2.8571226016       -7.1268432000
        0.1750028115        2.8737930095       -7.1418087000
        0.1999955016        2.8904547562       -7.1581347000
        0.2249956942        2.9071215045       -7.1731002000
        0.2500013762        2.9237919124       -7.1907867000
        0.2749940663        2.9404536590       -7.2084732000
        0.2999942589        2.9571204073       -7.2288807000
        0.3249999410        2.9737908153       -7.2506487000
        0.3499926310        2.9904525619       -7.2737772000
        0.3750058118        3.0071279689       -7.2996267000
        0.3999985018        3.0237897155       -7.3241157000
        0.4249911919        3.0404514621       -7.3486047000
        0.4500043726        3.0571268692       -7.3730937000
        0.4749970627        3.0737886158       -7.3935012000
        0.4999897527        3.0904503624       -7.3880592000
        0.5250029334        3.1071257694       -7.3826172000
        0.5499956235        3.1237875160       -7.3785357000
        0.5750013055        3.1404579239       -7.3758147000
        0.6000014982        3.1571246723       -7.3758147000
        0.6249941882        3.1737864189       -7.3758147000
        0.6499998703        3.1904568268       -7.3771752000
        0.6750000629        3.2071235751       -7.3812567000
        0.6999927530        3.2237853217       -7.3853382000
        0.7249984350        3.2404557296       -7.3907802000
        0.7499986277        3.2571224780       -7.3975827000
        0.7750043097        3.2737928859       -7.4057457000
        0.7999969997        3.2904546325       -7.4139087000
        0.8249971924        3.3071213808       -7.4220717000
        0.8500028744        3.3237917887       -7.4288742000
        0.8749955645        3.3404535353       -7.4356767000
        0.8999957571        3.3571202837       -7.4411187000
        0.9250014392        3.3737906916       -7.4438397000
        0.9499941292        3.3904524382       -7.4465607000
        0.9750073100        3.4071278452       -7.4492817000
        1.0000000000        3.4237895919       -7.4479212000
 
        0.0000000000        2.7571247959       -7.0370502000
        0.0249926900        2.7737865425       -7.0220847000
        0.0499983721        2.7904569504       -7.0112007000
        0.0749985647        2.8071236988       -7.0016772000
        0.0999912548        2.8237854454       -6.9948747000
        0.1249969368        2.8404558533       -6.9894327000
        0.1499971295        2.8571226016       -6.9867117000
        0.1750028115        2.8737930095       -6.9867117000
        0.1999955016        2.8904547562       -6.9880722000
        0.2249956942        2.9071215045       -6.9921537000
        0.2500013762        2.9237919124       -6.9962352000
        0.2749940663        2.9404536590       -7.0288872000
        0.2999942589        2.9571204073       -7.0683417000
        0.3249999410        2.9737908153       -7.1050752000
        0.3499926310        2.9904525619       -7.1363667000
        0.3750058118        3.0071279689       -7.1649372000
        0.3999985018        3.0237897155       -7.1894262000
        0.4249911919        3.0404514621       -7.2098337000
        0.4500043726        3.0571268692       -7.2288807000
        0.4749970627        3.0737886158       -7.2465672000
        0.4999897527        3.0904503624       -7.2628932000
        0.5250029334        3.1071257694       -7.2792192000
        0.5499956235        3.1237875160       -7.2941847000
        0.5750013055        3.1404579239       -7.3077897000
        0.6000014982        3.1571246723       -7.3213947000
        0.6249941882        3.1737864189       -7.3349997000
        0.6499998703        3.1904568268       -7.3486047000
        0.6750000629        3.2071235751       -7.3608492000
        0.6999927530        3.2237853217       -7.3730937000
        0.7249984350        3.2404557296       -7.3839777000
        0.7499986277        3.2571224780       -7.3948617000
        0.7750043097        3.2737928859       -7.4043852000
        0.7999969997        3.2904546325       -7.4125482000
        0.8249971924        3.3071213808       -7.4193507000
        0.8500028744        3.3237917887       -7.4261532000
        0.8749955645        3.3404535353       -7.4329557000
        0.8999957571        3.3571202837       -7.4383977000
        0.9250014392        3.3737906916       -7.4424792000
        0.9499941292        3.3904524382       -7.4452002000
        0.9750073100        3.4071278452       -7.4479212000
        1.0000000000        3.4237895919       -7.4479212000
 
        0.0000000000        2.7571247959       -6.6982857000
        0.0249926900        2.7737865425       -6.7078092000
        0.0499983721        2.7904569504       -6.7214142000
        0.0749985647        2.8071236988       -6.7377402000
        0.0999912548        2.8237854454       -6.7595082000
        0.1249969368        2.8404558533       -6.7867182000
        0.1499971295        2.8571226016       -6.8193702000
        0.1750028115        2.8737930095       -6.8574642000
        0.1999955016        2.8904547562       -6.8982792000
        0.2249956942        2.9071215045       -6.9418152000
        0.2500013762        2.9237919124       -6.9853512000
        0.2749940663        2.9404536590       -7.0043982000
        0.2999942589        2.9571204073       -7.0125612000
        0.3249999410        2.9737908153       -7.0248057000
        0.3499926310        2.9904525619       -7.0370502000
        0.3750058118        3.0071279689       -7.0506552000
        0.3999985018        3.0237897155       -7.0642602000
        0.4249911919        3.0404514621       -7.0805862000
        0.4500043726        3.0571268692       -7.0955517000
        0.4749970627        3.0737886158       -7.1118777000
        0.4999897527        3.0904503624       -7.1282037000
        0.5250029334        3.1071257694       -7.1431692000
        0.5499956235        3.1237875160       -7.1581347000
        0.5750013055        3.1404579239       -7.1717397000
        0.6000014982        3.1571246723       -7.1839842000
        0.6249941882        3.1737864189       -7.1962287000
        0.6499998703        3.1904568268       -7.2057522000
        0.6750000629        3.2071235751       -7.2139152000
        0.6999927530        3.2237853217       -7.2220782000
        0.7249984350        3.2404557296       -7.2288807000
        0.7499986277        3.2571224780       -7.2343227000
        0.7750043097        3.2737928859       -7.2384042000
        0.7999969997        3.2904546325       -7.2424857000
        0.8249971924        3.3071213808       -7.2452067000
        0.8500028744        3.3237917887       -7.2479277000
        0.8749955645        3.3404535353       -7.2492882000
        0.8999957571        3.3571202837       -7.2520092000
        0.9250014392        3.3737906916       -7.2520092000
        0.9499941292        3.3904524382       -7.2533697000
        0.9750073100        3.4071278452       -7.2533697000
        1.0000000000        3.4237895919       -7.2547302000
 
        0.0000000000        2.7571247959       -6.6955647000
        0.0249926900        2.7737865425       -6.6996462000
        0.0499983721        2.7904569504       -6.7010067000
        0.0749985647        2.8071236988       -6.7050882000
        0.0999912548        2.8237854454       -6.7105302000
        0.1249969368        2.8404558533       -6.7173327000
        0.1499971295        2.8571226016       -6.7227747000
        0.1750028115        2.8737930095       -6.7282167000
        0.1999955016        2.8904547562       -6.7350192000
        0.2249956942        2.9071215045       -6.7404612000
        0.2500013762        2.9237919124       -6.7459032000
        0.2749940663        2.9404536590       -6.7499847000
        0.2999942589        2.9571204073       -6.7567872000
        0.3249999410        2.9737908153       -6.7649502000
        0.3499926310        2.9904525619       -6.7785552000
        0.3750058118        3.0071279689       -6.7976022000
        0.3999985018        3.0237897155       -6.8207307000
        0.4249911919        3.0404514621       -6.8452197000
        0.4500043726        3.0571268692       -6.8710692000
        0.4749970627        3.0737886158       -6.8969187000
        0.4999897527        3.0904503624       -6.9241287000
        0.5250029334        3.1071257694       -6.9513387000
        0.5499956235        3.1237875160       -6.9758277000
        0.5750013055        3.1404579239       -7.0030377000
        0.6000014982        3.1571246723       -7.0288872000
        0.6249941882        3.1737864189       -7.0533762000
        0.6499998703        3.1904568268       -7.0778652000
        0.6750000629        3.2071235751       -7.1009937000
        0.6999927530        3.2237853217       -7.1227617000
        0.7249984350        3.2404557296       -7.1431692000
        0.7499986277        3.2571224780       -7.1622162000
        0.7750043097        3.2737928859       -7.1799027000
        0.7999969997        3.2904546325       -7.1948682000
        0.8249971924        3.3071213808       -7.2084732000
        0.8500028744        3.3237917887       -7.2207177000
        0.8749955645        3.3404535353       -7.2302412000
        0.8999957571        3.3571202837       -7.2397647000
        0.9250014392        3.3737906916       -7.2452067000
        0.9499941292        3.3904524382       -7.2506487000
        0.9750073100        3.4071278452       -7.2533697000
        1.0000000000        3.4237895919       -7.2547302000
 
        0.0000000000        2.7571247959       -6.6955647000
        0.0249926900        2.7737865425       -6.6860412000
        0.0499983721        2.7904569504       -6.6765177000
        0.0749985647        2.8071236988       -6.6683547000
        0.0999912548        2.8237854454       -6.6629127000
        0.1249969368        2.8404558533       -6.6574707000
        0.1499971295        2.8571226016       -6.6547497000
        0.1750028115        2.8737930095       -6.6533892000
        0.1999955016        2.8904547562       -6.6561102000
        0.2249956942        2.9071215045       -6.6697152000
        0.2500013762        2.9237919124       -6.6846807000
        0.2749940663        2.9404536590       -6.6996462000
        0.2999942589        2.9571204073       -6.7159722000
        0.3249999410        2.9737908153       -6.7295772000
        0.3499926310        2.9904525619       -6.7391007000
        0.3750058118        3.0071279689       -6.7445427000
        0.3999985018        3.0237897155       -6.7459032000
        0.4249911919        3.0404514621       -6.7459032000
        0.4500043726        3.0571268692       -6.7445427000
        0.4749970627        3.0737886158       -6.7418217000
        0.4999897527        3.0904503624       -6.7391007000
        0.5250029334        3.1071257694       -6.7350192000
        0.5499956235        3.1237875160       -6.7295772000
        0.5750013055        3.1404579239       -6.7241352000
        0.6000014982        3.1571246723       -6.7186932000
        0.6249941882        3.1737864189       -6.7118907000
        0.6499998703        3.1904568268       -6.7064487000
        0.6750000629        3.2071235751       -6.6996462000
        0.6999927530        3.2237853217       -6.6928437000
        0.7249984350        3.2404557296       -6.6860412000
        0.7499986277        3.2571224780       -6.6792387000
        0.7750043097        3.2737928859       -6.6737967000
        0.7999969997        3.2904546325       -6.6683547000
        0.8249971924        3.3071213808       -6.6629127000
        0.8500028744        3.3237917887       -6.6574707000
        0.8749955645        3.3404535353       -6.6533892000
        0.8999957571        3.3571202837       -6.6493077000
        0.9250014392        3.3737906916       -6.6465867000
        0.9499941292        3.3904524382       -6.6452262000
        0.9750073100        3.4071278452       -6.6438657000
        1.0000000000        3.4237895919       -6.6384237000
 
        0.0000000000        2.7571247959       -6.5840037000
        0.0249926900        2.7737865425       -6.5853642000
        0.0499983721        2.7904569504       -6.5894457000
        0.0749985647        2.8071236988       -6.5976087000
        0.0999912548        2.8237854454       -6.6071322000
        0.1249969368        2.8404558533       -6.6180162000
        0.1499971295        2.8571226016       -6.6302607000
        0.1750028115        2.8737930095       -6.6425052000
        0.1999955016        2.8904547562       -6.6547497000
        0.2249956942        2.9071215045       -6.6588312000
        0.2500013762        2.9237919124       -6.6629127000
        0.2749940663        2.9404536590       -6.6683547000
        0.2999942589        2.9571204073       -6.6737967000
        0.3249999410        2.9737908153       -6.6805992000
        0.3499926310        2.9904525619       -6.6846807000
        0.3750058118        3.0071279689       -6.6874017000
        0.3999985018        3.0237897155       -6.6901227000
        0.4249911919        3.0404514621       -6.6928437000
        0.4500043726        3.0571268692       -6.6928437000
        0.4749970627        3.0737886158       -6.6942042000
        0.4999897527        3.0904503624       -6.6942042000
        0.5250029334        3.1071257694       -6.6942042000
        0.5499956235        3.1237875160       -6.6942042000
        0.5750013055        3.1404579239       -6.6928437000
        0.6000014982        3.1571246723       -6.6914832000
        0.6249941882        3.1737864189       -6.6901227000
        0.6499998703        3.1904568268       -6.6887622000
        0.6750000629        3.2071235751       -6.6846807000
        0.6999927530        3.2237853217       -6.6805992000
        0.7249984350        3.2404557296       -6.6751572000
        0.7499986277        3.2571224780       -6.6669942000
        0.7750043097        3.2737928859       -6.6588312000
        0.7999969997        3.2904546325       -6.6506682000
        0.8249971924        3.3071213808       -6.6465867000
        0.8500028744        3.3237917887       -6.6452262000
        0.8749955645        3.3404535353       -6.6438657000
        0.8999957571        3.3571202837       -6.6438657000
        0.9250014392        3.3737906916       -6.6425052000
        0.9499941292        3.3904524382       -6.6425052000
        0.9750073100        3.4071278452       -6.6425052000
        1.0000000000        3.4237895919       -6.6384237000
 
        0.0000000000        2.7571247959       -6.5744802000
        0.0249926900        2.7737865425       -6.5744802000
        0.0499983721        2.7904569504       -6.5744802000
        0.0749985647        2.8071236988       -6.5744802000
        0.0999912548        2.8237854454       -6.5758407000
        0.1249969368        2.8404558533       -6.5758407000
        0.1499971295        2.8571226016       -6.5758407000
        0.1750028115        2.8737930095       -6.5758407000
        0.1999955016        2.8904547562       -6.5744802000
        0.2249956942        2.9071215045       -6.5717592000
        0.2500013762        2.9237919124       -6.5703987000
        0.2749940663        2.9404536590       -6.5690382000
        0.2999942589        2.9571204073       -6.5676777000
        0.3249999410        2.9737908153       -6.5690382000
        0.3499926310        2.9904525619       -6.5703987000
        0.3750058118        3.0071279689       -6.5731197000
        0.3999985018        3.0237897155       -6.5772012000
        0.4249911919        3.0404514621       -6.5826432000
        0.4500043726        3.0571268692       -6.5894457000
        0.4749970627        3.0737886158       -6.5976087000
        0.4999897527        3.0904503624       -6.6057717000
        0.5250029334        3.1071257694       -6.6139347000
        0.5499956235        3.1237875160       -6.6207372000
        0.5750013055        3.1404579239       -6.6275397000
        0.6000014982        3.1571246723       -6.6329817000
        0.6249941882        3.1737864189       -6.6370632000
        0.6499998703        3.1904568268       -6.6397842000
        0.6750000629        3.2071235751       -6.6425052000
        0.6999927530        3.2237853217       -6.6425052000
        0.7249984350        3.2404557296       -6.6425052000
        0.7499986277        3.2571224780       -6.6425052000
        0.7750043097        3.2737928859       -6.6411447000
        0.7999969997        3.2904546325       -6.6357027000
        0.8249971924        3.3071213808       -6.6248187000
        0.8500028744        3.3237917887       -6.6112137000
        0.8749955645        3.3404535353       -6.5948877000
        0.8999957571        3.3571202837       -6.5758407000
        0.9250014392        3.3737906916       -6.5567937000
        0.9499941292        3.3904524382       -6.5391072000
        0.9750073100        3.4071278452       -6.5227812000
        1.0000000000        3.4237895919       -6.5159787000
 
        0.0000000000        2.7571247959       -6.1649697000
        0.0249926900        2.7737865425       -6.1799352000
        0.0499983721        2.7904569504       -6.1976217000
        0.0749985647        2.8071236988       -6.2180292000
        0.0999912548        2.8237854454       -6.2397972000
        0.1249969368        2.8404558533       -6.2615652000
        0.1499971295        2.8571226016       -6.2819727000
        0.1750028115        2.8737930095       -6.3010197000
        0.1999955016        2.8904547562       -6.3187062000
        0.2249956942        2.9071215045       -6.3336717000
        0.2500013762        2.9237919124       -6.3459162000
        0.2749940663        2.9404536590       -6.3581607000
        0.2999942589        2.9571204073       -6.3676842000
        0.3249999410        2.9737908153       -6.3772077000
        0.3499926310        2.9904525619       -6.3840102000
        0.3750058118        3.0071279689       -6.3908127000
        0.3999985018        3.0237897155       -6.3948942000
        0.4249911919        3.0404514621       -6.4003362000
        0.4500043726        3.0571268692       -6.4030572000
        0.4749970627        3.0737886158       -6.4057782000
        0.4999897527        3.0904503624       -6.4084992000
        0.5250029334        3.1071257694       -6.4112202000
        0.5499956235        3.1237875160       -6.4125807000
        0.5750013055        3.1404579239       -6.4139412000
        0.6000014982        3.1571246723       -6.4153017000
        0.6249941882        3.1737864189       -6.4166622000
        0.6499998703        3.1904568268       -6.4180227000
        0.6750000629        3.2071235751       -6.4193832000
        0.6999927530        3.2237853217       -6.4207437000
        0.7249984350        3.2404557296       -6.4221042000
        0.7499986277        3.2571224780       -6.4234647000
        0.7750043097        3.2737928859       -6.4248252000
        0.7999969997        3.2904546325       -6.4248252000
        0.8249971924        3.3071213808       -6.4261857000
        0.8500028744        3.3237917887       -6.4275462000
        0.8749955645        3.3404535353       -6.4289067000
        0.8999957571        3.3571202837       -6.4289067000
        0.9250014392        3.3737906916       -6.4302672000
        0.9499941292        3.3904524382       -6.4302672000
        0.9750073100        3.4071278452       -6.4302672000
        1.0000000000        3.4237895919       -6.4302672000
 
        0.0000000000        2.7571247959       -6.1649697000
        0.0249926900        2.7737865425       -6.1527252000
        0.0499983721        2.7904569504       -6.1391202000
        0.0749985647        2.8071236988       -6.1241547000
        0.0999912548        2.8237854454       -6.1078287000
        0.1249969368        2.8404558533       -6.0928632000
        0.1499971295        2.8571226016       -6.0792582000
        0.1750028115        2.8737930095       -6.0656532000
        0.1999955016        2.8904547562       -6.0547692000
        0.2249956942        2.9071215045       -6.0466062000
        0.2500013762        2.9237919124       -6.0411642000
        0.2749940663        2.9404536590       -6.0370827000
        0.2999942589        2.9571204073       -6.0370827000
        0.3249999410        2.9737908153       -6.0398037000
        0.3499926310        2.9904525619       -6.0425247000
        0.3750058118        3.0071279689       -6.0466062000
        0.3999985018        3.0237897155       -6.0506877000
        0.4249911919        3.0404514621       -6.0574902000
        0.4500043726        3.0571268692       -6.0629322000
        0.4749970627        3.0737886158       -6.0697347000
        0.4999897527        3.0904503624       -6.0778977000
        0.5250029334        3.1071257694       -6.0847002000
        0.5499956235        3.1237875160       -6.0928632000
        0.5750013055        3.1404579239       -6.1023867000
        0.6000014982        3.1571246723       -6.1132707000
        0.6249941882        3.1737864189       -6.1241547000
        0.6499998703        3.1904568268       -6.1377597000
        0.6750000629        3.2071235751       -6.1527252000
        0.6999927530        3.2237853217       -6.1690512000
        0.7249984350        3.2404557296       -6.1880982000
        0.7499986277        3.2571224780       -6.2085057000
        0.7750043097        3.2737928859       -6.2302737000
        0.7999969997        3.2904546325       -6.2547627000
        0.8249971924        3.3071213808       -6.2792517000
        0.8500028744        3.3237917887       -6.3051012000
        0.8749955645        3.3404535353       -6.3309507000
        0.8999957571        3.3571202837       -6.3568002000
        0.9250014392        3.3737906916       -6.3826497000
        0.9499941292        3.3904524382       -6.4057782000
        0.9750073100        3.4071278452       -6.4248252000
        1.0000000000        3.4237895919       -6.4302672000
 
        0.0000000000        2.7571247959       -4.4194482000
        0.0249926900        2.7737865425       -4.4180877000
        0.0499983721        2.7904569504       -4.4099247000
        0.0749985647        2.8071236988       -4.3922382000
        0.0999912548        2.8237854454       -4.3636677000
        0.1249969368        2.8404558533       -4.3242132000
        0.1499971295        2.8571226016       -4.2738747000
        0.1750028115        2.8737930095       -4.2140127000
        0.1999955016        2.8904547562       -4.2221757000
        0.2249956942        2.9071215045       -4.2303387000
        0.2500013762        2.9237919124       -4.2357807000
        0.2749940663        2.9404536590       -4.2385017000
        0.2999942589        2.9571204073       -4.2453042000
        0.3249999410        2.9737908153       -4.2575487000
        0.3499926310        2.9904525619       -4.2806772000
        0.3750058118        3.0071279689       -4.3174107000
        0.3999985018        3.0237897155       -4.3663887000
        0.4249911919        3.0404514621       -4.4262507000
        0.4500043726        3.0571268692       -4.4956362000
        0.4749970627        3.0737886158       -4.5677427000
        0.4999897527        3.0904503624       -4.6439307000
        0.5250029334        3.1071257694       -4.7201187000
        0.5499956235        3.1237875160       -4.7949462000
        0.5750013055        3.1404579239       -4.8684132000
        0.6000014982        3.1571246723       -4.9391592000
        0.6249941882        3.1737864189       -5.0058237000
        0.6499998703        3.1904568268       -5.0697672000
        0.6750000629        3.2071235751       -5.1282687000
        0.6999927530        3.2237853217       -5.1813282000
        0.7249984350        3.2404557296       -5.2303062000
        0.7499986277        3.2571224780       -5.2738422000
        0.7750043097        3.2737928859       -5.3132967000
        0.7999969997        3.2904546325       -5.3459487000
        0.8249971924        3.3071213808       -5.3758797000
        0.8500028744        3.3237917887       -5.4003687000
        0.8749955645        3.3404535353       -5.4194157000
        0.8999957571        3.3571202837       -5.4357417000
        0.9250014392        3.3737906916       -5.4479862000
        0.9499941292        3.3904524382       -5.4575097000
        0.9750073100        3.4071278452       -5.4615912000
        1.0000000000        3.4237895919       -5.4629517000
 
        0.0000000000        2.7571247959       -3.9732042000
        0.0249926900        2.7737865425       -4.0126587000
        0.0499983721        2.7904569504       -4.0534737000
        0.0749985647        2.8071236988       -4.0915677000
        0.0999912548        2.8237854454       -4.1283012000
        0.1249969368        2.8404558533       -4.1609532000
        0.1499971295        2.8571226016       -4.1881632000
        0.1750028115        2.8737930095       -4.2085707000
        0.1999955016        2.8904547562       -4.1446272000
        0.2249956942        2.9071215045       -4.0670787000
        0.2500013762        2.9237919124       -3.9827277000
        0.2749940663        2.9404536590       -3.8902137000
        0.2999942589        2.9571204073       -3.7908972000
        0.3249999410        2.9737908153       -3.6861387000
        0.3499926310        2.9904525619       -3.5759382000
        0.3750058118        3.0071279689       -3.4589352000
        0.3999985018        3.0237897155       -3.3378507000
        0.4249911919        3.0404514621       -3.2562207000
        0.4500043726        3.0571268692       -3.1827537000
        0.4749970627        3.0737886158       -3.0943212000
        0.4999897527        3.0904503624       -2.9936442000
        0.5250029334        3.1071257694       -2.8820832000
        0.5499956235        3.1237875160       -2.7637197000
        0.5750013055        3.1404579239       -2.6385537000
        0.6000014982        3.1571246723       -2.5079457000
        0.6249941882        3.1737864189       -2.3746167000
        0.6499998703        3.1904568268       -2.2385667000
        0.6750000629        3.2071235751       -2.1011562000
        0.6999927530        3.2237853217       -1.9651062000
        0.7249984350        3.2404557296       -1.8317772000
        0.7499986277        3.2571224780       -1.7011692000
        0.7750043097        3.2737928859       -1.5746427000
        0.7999969997        3.2904546325       -1.4562792000
        0.8249971924        3.3071213808       -1.3460787000
        0.8500028744        3.3237917887       -1.2454017000
        0.8749955645        3.3404535353       -1.1569692000
        0.8999957571        3.3571202837       -1.0821417000
        0.9250014392        3.3737906916       -1.0222797000
        0.9499941292        3.3904524382       -0.9773832000
        0.9750073100        3.4071278452       -0.9501732000
        1.0000000000        3.4237895919       -0.9406497000
 
        0.0000000000        2.7571247959       -3.9732042000
        0.0249926900        2.7737865425       -3.9242262000
        0.0499983721        2.7904569504       -3.8602827000
        0.0749985647        2.8071236988       -3.7854552000
        0.0999912548        2.8237854454       -3.7011042000
        0.1249969368        2.8404558533       -3.6099507000
        0.1499971295        2.8571226016       -3.5106342000
        0.1750028115        2.8737930095       -3.4072362000
        0.1999955016        2.8904547562       -3.2983962000
        0.2249956942        2.9071215045       -3.1854747000
        0.2500013762        2.9237919124       -3.1718697000
        0.2749940663        2.9404536590       -3.2426157000
        0.2999942589        2.9571204073       -3.2997567000
        0.3249999410        2.9737908153       -3.3378507000
        0.3499926310        2.9904525619       -3.3541767000
        0.3750058118        3.0071279689       -3.3446532000
        0.3999985018        3.0237897155       -3.3106407000
        0.4249911919        3.0404514621       -3.2113242000
        0.4500043726        3.0571268692       -3.0793557000
        0.4749970627        3.0737886158       -2.9433057000
        0.4999897527        3.0904503624       -2.8045347000
        0.5250029334        3.1071257694       -2.6603217000
        0.5499956235        3.1237875160       -2.5133877000
        0.5750013055        3.1404579239       -2.3637327000
        0.6000014982        3.1571246723       -2.2127172000
        0.6249941882        3.1737864189       -2.0617017000
        0.6499998703        3.1904568268       -1.9120467000
        0.6750000629        3.2071235751       -1.7651127000
        0.6999927530        3.2237853217       -1.6249812000
        0.7249984350        3.2404557296       -1.4943732000
        0.7499986277        3.2571224780       -1.3773702000
        0.7750043097        3.2737928859       -1.2766932000
        0.7999969997        3.2904546325       -1.1937027000
        0.8249971924        3.3071213808       -1.1270382000
        0.8500028744        3.3237917887       -1.0726182000
        0.8749955645        3.3404535353       -1.0304427000
        0.8999957571        3.3571202837       -0.9964302000
        0.9250014392        3.3737906916       -0.9719412000
        0.9499941292        3.3904524382       -0.9542547000
        0.9750073100        3.4071278452       -0.9447312000
        1.0000000000        3.4237895919       -0.9406497000
 
        0.0000000000        2.7571247959       -2.2807422000
        0.0249926900        2.7737865425       -2.3610117000
        0.0499983721        2.7904569504       -2.4467232000
        0.0749985647        2.8071236988       -2.5351557000
        0.0999912548        2.8237854454       -2.6276697000
        0.1249969368        2.8404558533       -2.7229047000
        0.1499971295        2.8571226016       -2.8167792000
        0.1750028115        2.8737930095       -2.9106537000
        0.1999955016        2.8904547562       -3.0031677000
        0.2249956942        2.9071215045       -3.0902397000
        0.2500013762        2.9237919124       -3.0698322000
        0.2749940663        2.9404536590       -2.9501082000
        0.2999942589        2.9571204073       -2.8303842000
        0.3249999410        2.9737908153       -2.7079392000
        0.3499926310        2.9904525619       -2.5854942000
        0.3750058118        3.0071279689       -2.4630492000
        0.3999985018        3.0237897155       -2.3419647000
        0.4249911919        3.0404514621       -2.2222407000
        0.4500043726        3.0571268692       -2.1038772000
        0.4749970627        3.0737886158       -1.9882347000
        0.4999897527        3.0904503624       -1.8753132000
        0.5250029334        3.1071257694       -1.7664732000
        0.5499956235        3.1237875160       -1.6603542000
        0.5750013055        3.1404579239       -1.5583167000
        0.6000014982        3.1571246723       -1.4590002000
        0.6249941882        3.1737864189       -1.3637652000
        0.6499998703        3.1904568268       -1.2698907000
        0.6750000629        3.2071235751       -1.1773767000
        0.6999927530        3.2237853217       -1.0835022000
        0.7249984350        3.2404557296       -0.9855462000
        0.7499986277        3.2571224780       -0.8821482000
        0.7750043097        3.2737928859       -0.7705872000
        0.7999969997        3.2904546325       -0.6535842000
        0.8249971924        3.3071213808       -0.5324997000
        0.8500028744        3.3237917887       -0.4141362000
        0.8749955645        3.3404535353       -0.3025752000
        0.8999957571        3.3571202837       -0.2018982000
        0.9250014392        3.3737906916       -0.1189077000
        0.9499941292        3.3904524382       -0.0604062000
        0.9750073100        3.4071278452       -0.0522432000
        1.0000000000        3.4237895919       -0.0508827000
 
        0.0000000000        2.7571247959       -2.2807422000
        0.0249926900        2.7737865425       -2.2045542000
        0.0499983721        2.7904569504       -2.1242847000
        0.0749985647        2.8071236988       -2.0440152000
        0.0999912548        2.8237854454       -1.9610247000
        0.1249969368        2.8404558533       -1.8780342000
        0.1499971295        2.8571226016       -1.7936832000
        0.1750028115        2.8737930095       -1.7093322000
        0.1999955016        2.8904547562       -1.6249812000
        0.2249956942        2.9071215045       -1.5406302000
        0.2500013762        2.9237919124       -1.4671632000
        0.2749940663        2.9404536590       -1.3936962000
        0.2999942589        2.9571204073       -1.3202292000
        0.3249999410        2.9737908153       -1.2440412000
        0.3499926310        2.9904525619       -1.1678532000
        0.3750058118        3.0071279689       -1.0916652000
        0.3999985018        3.0237897155       -1.0154772000
        0.4249911919        3.0404514621       -0.9392892000
        0.4500043726        3.0571268692       -0.8658222000
        0.4749970627        3.0737886158       -0.7923552000
        0.4999897527        3.0904503624       -0.7216092000
        0.5250029334        3.1071257694       -0.6535842000
        0.5499956235        3.1237875160       -0.5910012000
        0.5750013055        3.1404579239       -0.5352207000
        0.6000014982        3.1571246723       -0.4821612000
        0.6249941882        3.1737864189       -0.4304622000
        0.6499998703        3.1904568268       -0.3828447000
        0.6750000629        3.2071235751       -0.3379482000
        0.6999927530        3.2237853217       -0.2957727000
        0.7249984350        3.2404557296       -0.2576787000
        0.7499986277        3.2571224780       -0.2223057000
        0.7750043097        3.2737928859       -0.1896537000
        0.7999969997        3.2904546325       -0.1610832000
        0.8249971924        3.3071213808       -0.1352337000
        0.8500028744        3.3237917887       -0.1121052000
        0.8749955645        3.3404535353       -0.0930582000
        0.8999957571        3.3571202837       -0.0780927000
        0.9250014392        3.3737906916       -0.0658482000
        0.9499941292        3.3904524382       -0.0536037000
        0.9750073100        3.4071278452       -0.0155097000
        1.0000000000        3.4237895919       -0.0005442000
 
        0.0000000000        2.7571247959       -1.9229307000
        0.0249926900        2.7737865425       -1.9161282000
        0.0499983721        2.7904569504       -1.8970812000
        0.0749985647        2.8071236988       -1.8657897000
        0.0999912548        2.8237854454       -1.8263352000
        0.1249969368        2.8404558533       -1.7800782000
        0.1499971295        2.8571226016       -1.7270187000
        0.1750028115        2.8737930095       -1.6671567000
        0.1999955016        2.8904547562       -1.6045737000
        0.2249956942        2.9071215045       -1.5365487000
        0.2500013762        2.9237919124       -1.4576397000
        0.2749940663        2.9404536590       -1.3746492000
        0.2999942589        2.9571204073       -1.2943797000
        0.3249999410        2.9737908153       -1.2141102000
        0.3499926310        2.9904525619       -1.1365617000
        0.3750058118        3.0071279689       -1.0603737000
        0.3999985018        3.0237897155       -0.9855462000
        0.4249911919        3.0404514621       -0.9134397000
        0.4500043726        3.0571268692       -0.8440542000
        0.4749970627        3.0737886158       -0.7773897000
        0.4999897527        3.0904503624       -0.7120857000
        0.5250029334        3.1071257694       -0.6508632000
        0.5499956235        3.1237875160       -0.5869197000
        0.5750013055        3.1404579239       -0.5229762000
        0.6000014982        3.1571246723       -0.4631142000
        0.6249941882        3.1737864189       -0.4059732000
        0.6499998703        3.1904568268       -0.3529137000
        0.6750000629        3.2071235751       -0.3025752000
        0.6999927530        3.2237853217       -0.2563182000
        0.7249984350        3.2404557296       -0.2141427000
        0.7499986277        3.2571224780       -0.1746882000
        0.7750043097        3.2737928859       -0.1406757000
        0.7999969997        3.2904546325       -0.1093842000
        0.8249971924        3.3071213808       -0.0835347000
        0.8500028744        3.3237917887       -0.0604062000
        0.8749955645        3.3404535353       -0.0413592000
        0.8999957571        3.3571202837       -0.0263937000
        0.9250014392        3.3737906916       -0.0155097000
        0.9499941292        3.3904524382       -0.0073467000
        0.9750073100        3.4071278452       -0.0032652000
        1.0000000000        3.4237895919       -0.0005442000
 
        0.0000000000        2.7571247959       10.6834623000
        0.0249926900        2.7737865425       10.6848228000
        0.0499983721        2.7904569504       10.6916253000
        0.0749985647        2.8071236988       10.7025093000
        0.0999912548        2.8237854454       10.7174748000
        0.1249969368        2.8404558533       10.6957068000
        0.1499971295        2.8571226016       10.4739453000
        0.1750028115        2.8737930095       10.2467418000
        0.1999955016        2.8904547562       10.0181778000
        0.2249956942        2.9071215045        9.7868928000
        0.2500013762        2.9237919124        9.5542473000
        0.2749940663        2.9404536590        9.3216018000
        0.2999942589        2.9571204073        9.0875958000
        0.3249999410        2.9737908153        8.8522293000
        0.3499926310        2.9904525619        8.6195838000
        0.3750058118        3.0071279689        8.3882988000
        0.3999985018        3.0237897155        8.1570138000
        0.4249911919        3.0404514621        7.9270893000
        0.4500043726        3.0571268692        7.6985253000
        0.4749970627        3.0737886158        7.4713218000
        0.4999897527        3.0904503624        7.2454788000
        0.5250029334        3.1071257694        7.0209963000
        0.5499956235        3.1237875160        6.7978743000
        0.5750013055        3.1404579239        6.5774733000
        0.6000014982        3.1571246723        6.3584328000
        0.6249941882        3.1737864189        6.1434738000
        0.6499998703        3.1904568268        5.9298753000
        0.6750000629        3.2071235751        5.7203583000
        0.6999927530        3.2237853217        5.5162833000
        0.7249984350        3.2404557296        5.3162898000
        0.7499986277        3.2571224780        5.1230988000
        0.7750043097        3.2737928859        4.9380708000
        0.7999969997        3.2904546325        4.7612058000
        0.8249971924        3.3071213808        4.5965853000
        0.8500028744        3.3237917887        4.4442093000
        0.8749955645        3.3404535353        4.3067988000
        0.8999957571        3.3571202837        4.1897958000
        0.9250014392        3.3737906916        4.0932003000
        0.9499941292        3.3904524382        4.0224543000
        0.9750073100        3.4071278452        3.9775578000
        1.0000000000        3.4237895919        3.9639528000
 
        0.0000000000        2.7571247959       11.5800318000
        0.0249926900        2.7737865425       11.5024833000
        0.0499983721        2.7904569504       11.3242578000
        0.0749985647        2.8071236988       11.1242643000
        0.0999912548        2.8237854454       10.9133868000
        0.1249969368        2.8404558533       10.7378823000
        0.1499971295        2.8571226016       10.7623713000
        0.1750028115        2.8737930095       10.7923023000
        0.1999955016        2.8904547562       10.8249543000
        0.2249956942        2.9071215045       10.8630483000
        0.2500013762        2.9237919124       10.9052238000
        0.2749940663        2.9404536590       10.9487598000
        0.2999942589        2.9571204073       10.9963773000
        0.3249999410        2.9737908153       11.0439948000
        0.3499926310        2.9904525619       11.0943333000
        0.3750058118        3.0071279689       11.1446718000
        0.3999985018        3.0237897155       11.1936498000
        0.4249911919        3.0404514621       11.2371858000
        0.4500043726        3.0571268692       11.2725588000
        0.4749970627        3.0737886158       11.2916058000
        0.4999897527        3.0904503624       11.2834428000
        0.5250029334        3.1071257694       11.2276623000
        0.5499956235        3.1237875160       11.1201828000
        0.5750013055        3.1404579239       10.9746093000
        0.6000014982        3.1571246723       10.8086283000
        0.6249941882        3.1737864189       10.6331238000
        0.6499998703        3.1904568268       10.4535378000
        0.6750000629        3.2071235751       10.2739518000
        0.6999927530        3.2237853217       10.0984473000
        0.7249984350        3.2404557296        9.9283848000
        0.7499986277        3.2571224780        9.7637643000
        0.7750043097        3.2737928859        9.6100278000
        0.7999969997        3.2904546325        9.4658148000
        0.8249971924        3.3071213808        9.3324858000
        0.8500028744        3.3237917887        9.2141223000
        0.8749955645        3.3404535353        9.1107243000
        0.8999957571        3.3571202837        9.0236523000
        0.9250014392        3.3737906916        8.9556273000
        0.9499941292        3.3904524382        8.9052888000
        0.9750073100        3.4071278452        8.8753578000
        1.0000000000        3.4237895919        8.8644738000
 
        0.0000000000        2.7571247959       11.7555363000
        0.0249926900        2.7737865425       11.6929533000
        0.0499983721        2.7904569504       11.7160818000
        0.0749985647        2.8071236988       11.7514548000
        0.0999912548        2.8237854454       11.7895488000
        0.1249969368        2.8404558533       11.8262823000
        0.1499971295        2.8571226016       11.8657368000
        0.1750028115        2.8737930095       11.9079123000
        0.1999955016        2.8904547562       11.9528088000
        0.2249956942        2.9071215045       12.0004263000
        0.2500013762        2.9237919124       12.0534858000
        0.2749940663        2.9404536590       12.1106268000
        0.2999942589        2.9571204073       12.1745703000
        0.3249999410        2.9737908153       12.2439558000
        0.3499926310        2.9904525619       12.3215043000
        0.3750058118        3.0071279689       12.4072158000
        0.3999985018        3.0237897155       12.4017738000
        0.4249911919        3.0404514621       12.2738868000
        0.4500043726        3.0571268692       12.1351158000
        0.4749970627        3.0737886158       11.9990658000
        0.4999897527        3.0904503624       11.8807023000
        0.5250029334        3.1071257694       11.8004328000
        0.5499956235        3.1237875160       11.7650598000
        0.5750013055        3.1404579239       11.7650598000
        0.6000014982        3.1571246723       11.7813858000
        0.6249941882        3.1737864189       11.8045143000
        0.6499998703        3.1904568268       11.8317243000
        0.6750000629        3.2071235751       11.8602948000
        0.6999927530        3.2237853217       11.8861443000
        0.7249984350        3.2404557296       11.9119938000
        0.7499986277        3.2571224780       11.9351223000
        0.7750043097        3.2737928859       11.9555298000
        0.7999969997        3.2904546325       11.9745768000
        0.8249971924        3.3071213808       11.9922633000
        0.8500028744        3.3237917887       12.0072288000
        0.8749955645        3.3404535353       12.0194733000
        0.8999957571        3.3571202837       12.0289968000
        0.9250014392        3.3737906916       12.0371598000
        0.9499941292        3.3904524382       12.0426018000
        0.9750073100        3.4071278452       12.0466833000
        1.0000000000        3.4237895919       12.0480438000
 
        0.0000000000        2.7571247959       11.7555363000
        0.0249926900        2.7737865425       11.8847838000
        0.0499983721        2.7904569504       12.0072288000
        0.0749985647        2.8071236988       12.1228713000
        0.0999912548        2.8237854454       12.2317113000
        0.1249969368        2.8404558533       12.3310278000
        0.1499971295        2.8571226016       12.4221813000
        0.1750028115        2.8737930095       12.5024508000
        0.1999955016        2.8904547562       12.5731968000
        0.2249956942        2.9071215045       12.6289773000
        0.2500013762        2.9237919124       12.6697923000
        0.2749940663        2.9404536590       12.6915603000
        0.2999942589        2.9571204073       12.6888393000
        0.3249999410        2.9737908153       12.6507453000
        0.3499926310        2.9904525619       12.5936043000
        0.3750058118        3.0071279689       12.5119743000
        0.3999985018        3.0237897155       12.5010903000
        0.4249911919        3.0404514621       12.6044883000
        0.4500043726        3.0571268692       12.7160493000
        0.4749970627        3.0737886158       12.8384943000
        0.4999897527        3.0904503624       12.9718233000
        0.5250029334        3.1071257694       13.1146758000
        0.5499956235        3.1237875160       13.2684123000
        0.5750013055        3.1404579239       13.4330328000
        0.6000014982        3.1571246723       13.6058163000
        0.6249941882        3.1737864189       13.7908443000
        0.6499998703        3.1904568268       13.9840353000
        0.6750000629        3.2071235751       14.1853893000
        0.6999927530        3.2237853217       14.3962668000
        0.7249984350        3.2404557296       14.6153073000
        0.7499986277        3.2571224780       14.8397898000
        0.7750043097        3.2737928859       15.0710748000
        0.7999969997        3.2904546325       15.3050808000
        0.8249971924        3.3071213808       15.5404473000
        0.8500028744        3.3237917887       15.7744533000
        0.8749955645        3.3404535353       16.0016568000
        0.8999957571        3.3571202837       16.2152553000
        0.9250014392        3.3737906916       16.4070858000
        0.9499941292        3.3904524382       16.5635433000
        0.9750073100        3.4071278452       16.6683018000
        1.0000000000        3.4237895919       16.7091168000
 
        0.0000000000        2.7571247959       14.7704043000
        0.0249926900        2.7737865425       14.7540783000
        0.0499983721        2.7904569504       14.7499968000
        0.0749985647        2.8071236988       14.7567993000
        0.0999912548        2.8237854454       14.7744858000
        0.1249969368        2.8404558533       14.8016958000
        0.1499971295        2.8571226016       14.8370688000
        0.1750028115        2.8737930095       14.8792443000
        0.1999955016        2.8904547562       14.9227803000
        0.2249956942        2.9071215045       14.9513508000
        0.2500013762        2.9237919124       14.9268618000
        0.2749940663        2.9404536590       14.8397898000
        0.2999942589        2.9571204073       14.7418338000
        0.3249999410        2.9737908153       14.6588433000
        0.3499926310        2.9904525619       14.6071443000
        0.3750058118        3.0071279689       14.5867368000
        0.3999985018        3.0237897155       14.5976208000
        0.4249911919        3.0404514621       14.6357148000
        0.4500043726        3.0571268692       14.7010188000
        0.4749970627        3.0737886158       14.7853698000
        0.4999897527        3.0904503624       14.8901283000
        0.5250029334        3.1071257694       15.0098523000
        0.5499956235        3.1237875160       15.1431813000
        0.5750013055        3.1404579239       15.2887548000
        0.6000014982        3.1571246723       15.4452123000
        0.6249941882        3.1737864189       15.6098328000
        0.6499998703        3.1904568268       15.7812558000
        0.6750000629        3.2071235751       15.9581208000
        0.6999927530        3.2237853217       16.1336253000
        0.7249984350        3.2404557296       16.3050483000
        0.7499986277        3.2571224780       16.4615058000
        0.7750043097        3.2737928859       16.5907533000
        0.7999969997        3.2904546325       16.6805463000
        0.8249971924        3.3071213808       16.7281638000
        0.8500028744        3.3237917887       16.7458503000
        0.8749955645        3.3404535353       16.7444898000
        0.8999957571        3.3571202837       16.7363268000
        0.9250014392        3.3737906916       16.7254428000
        0.9499941292        3.3904524382       16.7159193000
        0.9750073100        3.4071278452       16.7091168000
        1.0000000000        3.4237895919       16.7091168000
 
        0.0000000000        2.7571247959       14.7704043000
        0.0249926900        2.7737865425       14.7935328000
        0.0499983721        2.7904569504       14.8193823000
        0.0749985647        2.8071236988       14.8493133000
        0.0999912548        2.8237854454       14.8833258000
        0.1249969368        2.8404558533       14.9214198000
        0.1499971295        2.8571226016       14.9635953000
        0.1750028115        2.8737930095       15.0125733000
        0.1999955016        2.8904547562       15.0656328000
        0.2249956942        2.9071215045       15.1254948000
        0.2500013762        2.9237919124       15.1921593000
        0.2749940663        2.9404536590       15.2642658000
        0.2999942589        2.9571204073       15.3445353000
        0.3249999410        2.9737908153       15.4248048000
        0.3499926310        2.9904525619       15.5214003000
        0.3750058118        3.0071279689       15.6247983000
        0.3999985018        3.0237897155       15.7363593000
        0.4249911919        3.0404514621       15.8574438000
        0.4500043726        3.0571268692       15.9880518000
        0.4749970627        3.0737886158       16.1268228000
        0.4999897527        3.0904503624       16.2737568000
        0.5250029334        3.1071257694       16.4288538000
        0.5499956235        3.1237875160       16.5907533000
        0.5750013055        3.1404579239       16.7608158000
        0.6000014982        3.1571246723       16.8805398000
        0.6249941882        3.1737864189       16.9812168000
        0.6499998703        3.1904568268       17.0614863000
        0.6750000629        3.2071235751       17.1199878000
        0.6999927530        3.2237853217       17.1621633000
        0.7249984350        3.2404557296       17.1934548000
        0.7499986277        3.2571224780       17.2261068000
        0.7750043097        3.2737928859       17.2764453000
        0.7999969997        3.2904546325       17.3580753000
        0.8249971924        3.3071213808       17.4737178000
        0.8500028744        3.3237917887       17.6111283000
        0.8749955645        3.3404535353       17.7553413000
        0.8999957571        3.3571202837       17.8927518000
        0.9250014392        3.3737906916       18.0124758000
        0.9499941292        3.3904524382       18.0560118000
        0.9750073100        3.4071278452       18.0288018000
        1.0000000000        3.4237895919       18.0179178000
 
        0.0000000000        2.7571247959       16.4982393000
        0.0249926900        2.7737865425       16.4805528000
        0.0499983721        2.7904569504       16.4179698000
        0.0749985647        2.8071236988       16.3104903000
        0.0999912548        2.8237854454       16.1635563000
        0.1249969368        2.8404558533       15.9866913000
        0.1499971295        2.8571226016       15.8057448000
        0.1750028115        2.8737930095       15.6234378000
        0.1999955016        2.8904547562       15.4520148000
        0.2249956942        2.9071215045       15.3132438000
        0.2500013762        2.9237919124       15.2506608000
        0.2749940663        2.9404536590       15.2778708000
        0.2999942589        2.9571204073       15.3499773000
        0.3249999410        2.9737908153       15.4438518000
        0.3499926310        2.9904525619       15.5499708000
        0.3750058118        3.0071279689       15.6656133000
        0.3999985018        3.0237897155       15.7907793000
        0.4249911919        3.0404514621       15.9213873000
        0.4500043726        3.0571268692       16.0587978000
        0.4749970627        3.0737886158       16.2016503000
        0.4999897527        3.0904503624       16.3458633000
        0.5250029334        3.1071257694       16.4900763000
        0.5499956235        3.1237875160       16.6288473000
        0.5750013055        3.1404579239       16.7608158000
        0.6000014982        3.1571246723       16.9349598000
        0.6249941882        3.1737864189       17.1118248000
        0.6499998703        3.1904568268       17.2900503000
        0.6750000629        3.2071235751       17.4655548000
        0.6999927530        3.2237853217       17.6315358000
        0.7249984350        3.2404557296       17.7852723000
        0.7499986277        3.2571224780       17.9145198000
        0.7750043097        3.2737928859       18.0165573000
        0.7999969997        3.2904546325       18.0845823000
        0.8249971924        3.3071213808       18.1240368000
        0.8500028744        3.3237917887       18.1390023000
        0.8749955645        3.3404535353       18.1349208000
        0.8999957571        3.3571202837       18.1185948000
        0.9250014392        3.3737906916       18.0900243000
        0.9499941292        3.3904524382       18.1049898000
        0.9750073100        3.4071278452       18.1648518000
        1.0000000000        3.4237895919       18.1893408000
 
