        0.0000000000        0.8660254038      -16.8080251500
        0.0250000000        0.8910254038      -16.8080251500
        0.0500000000        0.9160254038      -16.8080251500
        0.0750000000        0.9410254038      -16.8080251500
        0.1000000000        0.9660254038      -16.8080251500
        0.1250000000        0.9910254038      -16.8080251500
        0.1500000000        1.0160254038      -16.8093856500
        0.1750000000        1.0410254038      -16.8093856500
        0.2000000000        1.0660254038      -16.8093856500
        0.2250000000        1.0910254038      -16.8107461500
        0.2500000000        1.1160254038      -16.8107461500
        0.2750000000        1.1410254038      -16.8121066500
        0.3000000000        1.1660254038      -16.8121066500
        0.3250000000        1.1910254038      -16.8134671500
        0.3500000000        1.2160254038      -16.8148276500
        0.3750000000        1.2410254038      -16.8161881500
        0.4000000000        1.2660254038      -16.8161881500
        0.4250000000        1.2910254038      -16.8175486500
        0.4500000000        1.3160254038      -16.8189091500
        0.4750000000        1.3410254038      -16.8202696500
        0.5000000000        1.3660254038      -16.8216301500
        0.5250000000        1.3910254038      -16.8229906500
        0.5500000000        1.4160254038      -16.8243511500
        0.5750000000        1.4410254038      -16.8243511500
        0.6000000000        1.4660254038      -16.8257116500
        0.6250000000        1.4910254038      -16.8270721500
        0.6500000000        1.5160254038      -16.8284326500
        0.6750000000        1.5410254038      -16.8297931500
        0.7000000000        1.5660254038      -16.8311536500
        0.7250000000        1.5910254038      -16.8311536500
        0.7500000000        1.6160254038      -16.8325141500
        0.7750000000        1.6410254038      -16.8325141500
        0.8000000000        1.6660254038      -16.8338746500
        0.8250000000        1.6910254038      -16.8352351500
        0.8500000000        1.7160254038      -16.8352351500
        0.8750000000        1.7410254038      -16.8365956500
        0.9000000000        1.7660254038      -16.8365956500
        0.9250000000        1.7910254038      -16.8365956500
        0.9500000000        1.8160254038      -16.8365956500
        0.9750000000        1.8410254038      -16.8365956500
        1.0000000000        1.8660254038      -16.8365956500
 
        0.0000000000        0.8660254038      -16.8080251500
        0.0250000000        0.8910254038      -16.8080251500
        0.0500000000        0.9160254038      -16.8080251500
        0.0750000000        0.9410254038      -16.8066646500
        0.1000000000        0.9660254038      -16.8066646500
        0.1250000000        0.9910254038      -16.8053041500
        0.1500000000        1.0160254038      -16.8053041500
        0.1750000000        1.0410254038      -16.8053041500
        0.2000000000        1.0660254038      -16.8039436500
        0.2250000000        1.0910254038      -16.8025831500
        0.2500000000        1.1160254038      -16.8012226500
        0.2750000000        1.1410254038      -16.8012226500
        0.3000000000        1.1660254038      -16.7998621500
        0.3250000000        1.1910254038      -16.7985016500
        0.3500000000        1.2160254038      -16.7971411500
        0.3750000000        1.2410254038      -16.7957806500
        0.4000000000        1.2660254038      -16.7944201500
        0.4250000000        1.2910254038      -16.7930596500
        0.4500000000        1.3160254038      -16.7916991500
        0.4750000000        1.3410254038      -16.7903386500
        0.5000000000        1.3660254038      -16.7889781500
        0.5250000000        1.3910254038      -16.7862571500
        0.5500000000        1.4160254038      -16.7848966500
        0.5750000000        1.4410254038      -16.7835361500
        0.6000000000        1.4660254038      -16.7821756500
        0.6250000000        1.4910254038      -16.7808151500
        0.6500000000        1.5160254038      -16.7794546500
        0.6750000000        1.5410254038      -16.7780941500
        0.7000000000        1.5660254038      -16.7767336500
        0.7250000000        1.5910254038      -16.7753731500
        0.7500000000        1.6160254038      -16.7740126500
        0.7750000000        1.6410254038      -16.7740126500
        0.8000000000        1.6660254038      -16.7726521500
        0.8250000000        1.6910254038      -16.7712916500
        0.8500000000        1.7160254038      -16.7712916500
        0.8750000000        1.7410254038      -16.7699311500
        0.9000000000        1.7660254038      -16.7699311500
        0.9250000000        1.7910254038      -16.7699311500
        0.9500000000        1.8160254038      -16.7685706500
        0.9750000000        1.8410254038      -16.7685706500
        1.0000000000        1.8660254038      -16.7685706500
 
        0.0000000000        0.8660254038      -16.8080251500
        0.0250000000        0.8910254038      -16.8080251500
        0.0500000000        0.9160254038      -16.8080251500
        0.0750000000        0.9410254038      -16.8066646500
        0.1000000000        0.9660254038      -16.8066646500
        0.1250000000        0.9910254038      -16.8053041500
        0.1500000000        1.0160254038      -16.8053041500
        0.1750000000        1.0410254038      -16.8053041500
        0.2000000000        1.0660254038      -16.8039436500
        0.2250000000        1.0910254038      -16.8025831500
        0.2500000000        1.1160254038      -16.8012226500
        0.2750000000        1.1410254038      -16.8012226500
        0.3000000000        1.1660254038      -16.7998621500
        0.3250000000        1.1910254038      -16.7985016500
        0.3500000000        1.2160254038      -16.7971411500
        0.3750000000        1.2410254038      -16.7957806500
        0.4000000000        1.2660254038      -16.7944201500
        0.4250000000        1.2910254038      -16.7930596500
        0.4500000000        1.3160254038      -16.7916991500
        0.4750000000        1.3410254038      -16.7903386500
        0.5000000000        1.3660254038      -16.7889781500
        0.5250000000        1.3910254038      -16.7862571500
        0.5500000000        1.4160254038      -16.7848966500
        0.5750000000        1.4410254038      -16.7835361500
        0.6000000000        1.4660254038      -16.7821756500
        0.6250000000        1.4910254038      -16.7808151500
        0.6500000000        1.5160254038      -16.7794546500
        0.6750000000        1.5410254038      -16.7780941500
        0.7000000000        1.5660254038      -16.7767336500
        0.7250000000        1.5910254038      -16.7753731500
        0.7500000000        1.6160254038      -16.7740126500
        0.7750000000        1.6410254038      -16.7740126500
        0.8000000000        1.6660254038      -16.7726521500
        0.8250000000        1.6910254038      -16.7712916500
        0.8500000000        1.7160254038      -16.7712916500
        0.8750000000        1.7410254038      -16.7699311500
        0.9000000000        1.7660254038      -16.7699311500
        0.9250000000        1.7910254038      -16.7699311500
        0.9500000000        1.8160254038      -16.7685706500
        0.9750000000        1.8410254038      -16.7685706500
        1.0000000000        1.8660254038      -16.7685706500
 
        0.0000000000        0.8660254038      -16.7413606500
        0.0250000000        0.8910254038      -16.7413606500
        0.0500000000        0.9160254038      -16.7413606500
        0.0750000000        0.9410254038      -16.7400001500
        0.1000000000        0.9660254038      -16.7400001500
        0.1250000000        0.9910254038      -16.7400001500
        0.1500000000        1.0160254038      -16.7400001500
        0.1750000000        1.0410254038      -16.7400001500
        0.2000000000        1.0660254038      -16.7386396500
        0.2250000000        1.0910254038      -16.7400001500
        0.2500000000        1.1160254038      -16.7400001500
        0.2750000000        1.1410254038      -16.7400001500
        0.3000000000        1.1660254038      -16.7400001500
        0.3250000000        1.1910254038      -16.7413606500
        0.3500000000        1.2160254038      -16.7413606500
        0.3750000000        1.2410254038      -16.7413606500
        0.4000000000        1.2660254038      -16.7427211500
        0.4250000000        1.2910254038      -16.7427211500
        0.4500000000        1.3160254038      -16.7440816500
        0.4750000000        1.3410254038      -16.7440816500
        0.5000000000        1.3660254038      -16.7440816500
        0.5250000000        1.3910254038      -16.7454421500
        0.5500000000        1.4160254038      -16.7454421500
        0.5750000000        1.4410254038      -16.7468026500
        0.6000000000        1.4660254038      -16.7468026500
        0.6250000000        1.4910254038      -16.7481631500
        0.6500000000        1.5160254038      -16.7481631500
        0.6750000000        1.5410254038      -16.7495236500
        0.7000000000        1.5660254038      -16.7495236500
        0.7250000000        1.5910254038      -16.7495236500
        0.7500000000        1.6160254038      -16.7495236500
        0.7750000000        1.6410254038      -16.7508841500
        0.8000000000        1.6660254038      -16.7508841500
        0.8250000000        1.6910254038      -16.7508841500
        0.8500000000        1.7160254038      -16.7522446500
        0.8750000000        1.7410254038      -16.7522446500
        0.9000000000        1.7660254038      -16.7522446500
        0.9250000000        1.7910254038      -16.7522446500
        0.9500000000        1.8160254038      -16.7522446500
        0.9750000000        1.8410254038      -16.7522446500
        1.0000000000        1.8660254038      -16.7522446500
 
        0.0000000000        0.8660254038      -16.7413606500
        0.0250000000        0.8910254038      -16.7413606500
        0.0500000000        0.9160254038      -16.7400001500
        0.0750000000        0.9410254038      -16.7386396500
        0.1000000000        0.9660254038      -16.7386396500
        0.1250000000        0.9910254038      -16.7386396500
        0.1500000000        1.0160254038      -16.7386396500
        0.1750000000        1.0410254038      -16.7400001500
        0.2000000000        1.0660254038      -16.7359186500
        0.2250000000        1.0910254038      -16.7359186500
        0.2500000000        1.1160254038      -16.7359186500
        0.2750000000        1.1410254038      -16.7359186500
        0.3000000000        1.1660254038      -16.7345581500
        0.3250000000        1.1910254038      -16.7345581500
        0.3500000000        1.2160254038      -16.7345581500
        0.3750000000        1.2410254038      -16.7331976500
        0.4000000000        1.2660254038      -16.7331976500
        0.4250000000        1.2910254038      -16.7318371500
        0.4500000000        1.3160254038      -16.7318371500
        0.4750000000        1.3410254038      -16.7304766500
        0.5000000000        1.3660254038      -16.7304766500
        0.5250000000        1.3910254038      -16.7291161500
        0.5500000000        1.4160254038      -16.7291161500
        0.5750000000        1.4410254038      -16.7277556500
        0.6000000000        1.4660254038      -16.7277556500
        0.6250000000        1.4910254038      -16.7263951500
        0.6500000000        1.5160254038      -16.7263951500
        0.6750000000        1.5410254038      -16.7263951500
        0.7000000000        1.5660254038      -16.7250346500
        0.7250000000        1.5910254038      -16.7250346500
        0.7500000000        1.6160254038      -16.7236741500
        0.7750000000        1.6410254038      -16.7236741500
        0.8000000000        1.6660254038      -16.7236741500
        0.8250000000        1.6910254038      -16.7223136500
        0.8500000000        1.7160254038      -16.7223136500
        0.8750000000        1.7410254038      -16.7223136500
        0.9000000000        1.7660254038      -16.7223136500
        0.9250000000        1.7910254038      -16.7223136500
        0.9500000000        1.8160254038      -16.7223136500
        0.9750000000        1.8410254038      -16.7223136500
        1.0000000000        1.8660254038      -16.7223136500
 
        0.0000000000        0.8660254038      -10.8503956500
        0.0250000000        0.8910254038      -10.8476746500
        0.0500000000        0.9160254038      -10.8422326500
        0.0750000000        0.9410254038      -10.8327091500
        0.1000000000        0.9660254038      -10.8191041500
        0.1250000000        0.9910254038      -10.8014176500
        0.1500000000        1.0160254038      -10.7796496500
        0.1750000000        1.0410254038      -10.7551606500
        0.2000000000        1.0660254038      -10.7252296500
        0.2250000000        1.0910254038      -10.6925776500
        0.2500000000        1.1160254038      -10.6558441500
        0.2750000000        1.1410254038      -10.6150291500
        0.3000000000        1.1660254038      -10.5701326500
        0.3250000000        1.1910254038      -10.5225151500
        0.3500000000        1.2160254038      -10.4708161500
        0.3750000000        1.2410254038      -10.4150356500
        0.4000000000        1.2660254038      -10.3565341500
        0.4250000000        1.2910254038      -10.2939511500
        0.4500000000        1.3160254038      -10.2300076500
        0.4750000000        1.3410254038      -10.1606221500
        0.5000000000        1.3660254038      -10.0898761500
        0.5250000000        1.3910254038      -10.0164091500
        0.5500000000        1.4160254038       -9.9402211500
        0.5750000000        1.4410254038       -9.8613121500
        0.6000000000        1.4660254038       -9.7796821500
        0.6250000000        1.4910254038       -9.6966916500
        0.6500000000        1.5160254038       -9.6123406500
        0.6750000000        1.5410254038       -9.5279896500
        0.7000000000        1.5660254038       -9.4409176500
        0.7250000000        1.5910254038       -9.3552061500
        0.7500000000        1.6160254038       -9.2708551500
        0.7750000000        1.6410254038       -9.1865041500
        0.8000000000        1.6660254038       -9.1062346500
        0.8250000000        1.6910254038       -9.0286861500
        0.8500000000        1.7160254038       -8.9565796500
        0.8750000000        1.7410254038       -8.8912756500
        0.9000000000        1.7660254038       -8.8341346500
        0.9250000000        1.7910254038       -8.7878776500
        0.9500000000        1.8160254038       -8.7525046500
        0.9750000000        1.8410254038       -8.7320971500
        1.0000000000        1.8660254038       -8.7239341500
 
        0.0000000000        0.8660254038       -0.0004081500
        0.0250000000        0.8910254038       -0.0561886500
        0.0500000000        0.9160254038       -0.1922386500
        0.0750000000        0.9410254038       -0.3650221500
        0.1000000000        0.9660254038       -0.5554921500
        0.1250000000        0.9910254038       -0.7541251500
        0.1500000000        1.0160254038       -0.9554791500
        0.1750000000        1.0410254038       -1.1595541500
        0.2000000000        1.0660254038       -1.3636291500
        0.2250000000        1.0910254038       -1.5663436500
        0.2500000000        1.1160254038       -1.7676976500
        0.2750000000        1.1410254038       -1.9676911500
        0.3000000000        1.1660254038       -2.1663241500
        0.3250000000        1.1910254038       -2.3635966500
        0.3500000000        1.2160254038       -2.5581481500
        0.3750000000        1.2410254038       -2.7499786500
        0.4000000000        1.2660254038       -2.9404486500
        0.4250000000        1.2910254038       -3.1281976500
        0.4500000000        1.3160254038       -3.3132256500
        0.4750000000        1.3410254038       -3.4955326500
        0.5000000000        1.3660254038       -3.6751186500
        0.5250000000        1.3910254038       -3.8519836500
        0.5500000000        1.4160254038       -4.0261276500
        0.5750000000        1.4410254038       -4.1961901500
        0.6000000000        1.4660254038       -4.3635316500
        0.6250000000        1.4910254038       -4.5281521500
        0.6500000000        1.5160254038       -4.6873306500
        0.6750000000        1.5410254038       -4.8437881500
        0.7000000000        1.5660254038       -4.9948036500
        0.7250000000        1.5910254038       -5.1403771500
        0.7500000000        1.6160254038       -5.2805086500
        0.7750000000        1.6410254038       -5.4138376500
        0.8000000000        1.6660254038       -5.5403641500
        0.8250000000        1.6910254038       -5.6573671500
        0.8500000000        1.7160254038       -5.7634861500
        0.8750000000        1.7410254038       -5.8587211500
        0.9000000000        1.7660254038       -5.9389906500
        0.9250000000        1.7910254038       -6.0042946500
        0.9500000000        1.8160254038       -6.0532726500
        0.9750000000        1.8410254038       -6.0832036500
        1.0000000000        1.8660254038       -6.0927271500
 
        0.0000000000        0.8660254038       -0.0004081500
        0.0250000000        0.8910254038       -0.0072106500
        0.0500000000        0.9160254038       -0.0303391500
        0.0750000000        0.9410254038       -0.0657121500
        0.1000000000        0.9660254038       -0.1160506500
        0.1250000000        0.9910254038       -0.1759126500
        0.1500000000        1.0160254038       -0.2466586500
        0.1750000000        1.0410254038       -0.3242071500
        0.2000000000        1.0660254038       -0.4099186500
        0.2250000000        1.0910254038       -0.4997116500
        0.2500000000        1.1160254038       -0.5935861500
        0.2750000000        1.1410254038       -0.6901816500
        0.3000000000        1.1660254038       -0.7894981500
        0.3250000000        1.1910254038       -0.8888146500
        0.3500000000        1.2160254038       -0.9881311500
        0.3750000000        1.2410254038       -1.0860871500
        0.4000000000        1.2660254038       -1.1826826500
        0.4250000000        1.2910254038       -1.2779176500
        0.4500000000        1.3160254038       -1.3704316500
        0.4750000000        1.3410254038       -1.4615851500
        0.5000000000        1.3660254038       -1.5472966500
        0.5250000000        1.3910254038       -1.6316476500
        0.5500000000        1.4160254038       -1.7119171500
        0.5750000000        1.4410254038       -1.7881051500
        0.6000000000        1.4660254038       -1.8615721500
        0.6250000000        1.4910254038       -1.9295971500
        0.6500000000        1.5160254038       -1.9949011500
        0.6750000000        1.5410254038       -2.0561236500
        0.7000000000        1.5660254038       -2.1132646500
        0.7250000000        1.5910254038       -2.1649636500
        0.7500000000        1.6160254038       -2.2139416500
        0.7750000000        1.6410254038       -2.2588381500
        0.8000000000        1.6660254038       -2.2982926500
        0.8250000000        1.6910254038       -2.3336656500
        0.8500000000        1.7160254038       -2.3649571500
        0.8750000000        1.7410254038       -2.3921671500
        0.9000000000        1.7660254038       -2.4139351500
        0.9250000000        1.7910254038       -2.4302611500
        0.9500000000        1.8160254038       -2.4425056500
        0.9750000000        1.8410254038       -2.4506686500
        1.0000000000        1.8660254038       -2.4520291500
 
        0.0000000000        0.8660254038       -0.0004081500
        0.0250000000        0.8910254038       -0.0072106500
        0.0500000000        0.9160254038       -0.0303391500
        0.0750000000        0.9410254038       -0.0657121500
        0.1000000000        0.9660254038       -0.1160506500
        0.1250000000        0.9910254038       -0.1759126500
        0.1500000000        1.0160254038       -0.2466586500
        0.1750000000        1.0410254038       -0.3242071500
        0.2000000000        1.0660254038       -0.4099186500
        0.2250000000        1.0910254038       -0.4997116500
        0.2500000000        1.1160254038       -0.5935861500
        0.2750000000        1.1410254038       -0.6901816500
        0.3000000000        1.1660254038       -0.7894981500
        0.3250000000        1.1910254038       -0.8888146500
        0.3500000000        1.2160254038       -0.9881311500
        0.3750000000        1.2410254038       -1.0860871500
        0.4000000000        1.2660254038       -1.1826826500
        0.4250000000        1.2910254038       -1.2779176500
        0.4500000000        1.3160254038       -1.3704316500
        0.4750000000        1.3410254038       -1.4615851500
        0.5000000000        1.3660254038       -1.5472966500
        0.5250000000        1.3910254038       -1.6316476500
        0.5500000000        1.4160254038       -1.7119171500
        0.5750000000        1.4410254038       -1.7881051500
        0.6000000000        1.4660254038       -1.8615721500
        0.6250000000        1.4910254038       -1.9295971500
        0.6500000000        1.5160254038       -1.9949011500
        0.6750000000        1.5410254038       -2.0561236500
        0.7000000000        1.5660254038       -2.1132646500
        0.7250000000        1.5910254038       -2.1649636500
        0.7500000000        1.6160254038       -2.2139416500
        0.7750000000        1.6410254038       -2.2588381500
        0.8000000000        1.6660254038       -2.2982926500
        0.8250000000        1.6910254038       -2.3336656500
        0.8500000000        1.7160254038       -2.3649571500
        0.8750000000        1.7410254038       -2.3921671500
        0.9000000000        1.7660254038       -2.4139351500
        0.9250000000        1.7910254038       -2.4302611500
        0.9500000000        1.8160254038       -2.4425056500
        0.9750000000        1.8410254038       -2.4506686500
        1.0000000000        1.8660254038       -2.4520291500
 
        0.0000000000        0.8660254038        0.7750768500
        0.0250000000        0.8910254038        0.8294968500
        0.0500000000        0.9160254038        0.9641863500
        0.0750000000        0.9410254038        1.1342488500
        0.1000000000        0.9660254038        1.3179163500
        0.1250000000        0.9910254038        1.5070258500
        0.1500000000        1.0160254038        1.6974958500
        0.1750000000        1.0410254038        1.8825238500
        0.2000000000        1.0660254038        2.0607493500
        0.2250000000        1.0910254038        2.2280908500
        0.2500000000        1.1160254038        2.3750248500
        0.2750000000        1.1410254038        2.4906673500
        0.3000000000        1.1660254038        2.5546108500
        0.3250000000        1.1910254038        2.5600528500
        0.3500000000        1.2160254038        2.5233193500
        0.3750000000        1.2410254038        2.4661783500
        0.4000000000        1.2660254038        2.3995138500
        0.4250000000        1.2910254038        2.3314888500
        0.4500000000        1.3160254038        2.2621033500
        0.4750000000        1.3410254038        2.1954388500
        0.5000000000        1.3660254038        2.1301348500
        0.5250000000        1.3910254038        2.0675518500
        0.5500000000        1.4160254038        2.0090503500
        0.5750000000        1.4410254038        1.9546303500
        0.6000000000        1.4660254038        1.9042918500
        0.6250000000        1.4910254038        1.8580348500
        0.6500000000        1.5160254038        1.8158593500
        0.6750000000        1.5410254038        1.7791258500
        0.7000000000        1.5660254038        1.7478343500
        0.7250000000        1.5910254038        1.7219848500
        0.7500000000        1.6160254038        1.7002168500
        0.7750000000        1.6410254038        1.6838908500
        0.8000000000        1.6660254038        1.6743673500
        0.8250000000        1.6910254038        1.6702858500
        0.8500000000        1.7160254038        1.6702858500
        0.8750000000        1.7410254038        1.6770883500
        0.9000000000        1.7660254038        1.6893328500
        0.9250000000        1.7910254038        1.7056588500
        0.9500000000        1.8160254038        1.7287873500
        0.9750000000        1.8410254038        1.7573578500
        1.0000000000        1.8660254038        1.7900098500
 
        0.0000000000        0.8660254038        3.6443713500
        0.0250000000        0.8910254038        3.6362083500
        0.0500000000        0.9160254038        3.6103588500
        0.0750000000        0.9410254038        3.5695438500
        0.1000000000        0.9660254038        3.5151238500
        0.1250000000        0.9910254038        3.4525408500
        0.1500000000        1.0160254038        3.3817948500
        0.1750000000        1.0410254038        3.3069673500
        0.2000000000        1.0660254038        3.2307793500
        0.2250000000        1.0910254038        3.1573123500
        0.2500000000        1.1160254038        3.0947293500
        0.2750000000        1.1410254038        3.0525538500
        0.3000000000        1.1660254038        3.0471118500
        0.3250000000        1.1910254038        3.0865663500
        0.3500000000        1.2160254038        3.1491493500
        0.3750000000        1.2410254038        3.2117323500
        0.4000000000        1.2660254038        3.2620708500
        0.4250000000        1.2910254038        3.2906413500
        0.4500000000        1.3160254038        3.2988043500
        0.4750000000        1.3410254038        3.2838388500
        0.5000000000        1.3660254038        3.2484658500
        0.5250000000        1.3910254038        3.1967668500
        0.5500000000        1.4160254038        3.1301023500
        0.5750000000        1.4410254038        3.0552748500
        0.6000000000        1.4660254038        2.9709238500
        0.6250000000        1.4910254038        2.8824913500
        0.6500000000        1.5160254038        2.7913378500
        0.6750000000        1.5410254038        2.6988238500
        0.7000000000        1.5660254038        2.6063098500
        0.7250000000        1.5910254038        2.5151563500
        0.7500000000        1.6160254038        2.4267238500
        0.7750000000        1.6410254038        2.3410123500
        0.8000000000        1.6660254038        2.2593823500
        0.8250000000        1.6910254038        2.1831943500
        0.8500000000        1.7160254038        2.1110878500
        0.8750000000        1.7410254038        2.0430628500
        0.9000000000        1.7660254038        1.9818403500
        0.9250000000        1.7910254038        1.9260598500
        0.9500000000        1.8160254038        1.8757213500
        0.9750000000        1.8410254038        1.8308248500
        1.0000000000        1.8660254038        1.7927308500
 
        0.0000000000        0.8660254038        3.6443713500
        0.0250000000        0.8910254038        3.6552553500
        0.0500000000        0.9160254038        3.6851863500
        0.0750000000        0.9410254038        3.7355248500
        0.1000000000        0.9660254038        3.8021893500
        0.1250000000        0.9910254038        3.8865403500
        0.1500000000        1.0160254038        3.9844963500
        0.1750000000        1.0410254038        4.0946968500
        0.2000000000        1.0660254038        4.2171418500
        0.2250000000        1.0910254038        4.3477498500
        0.2500000000        1.1160254038        4.4851603500
        0.2750000000        1.1410254038        4.6307338500
        0.3000000000        1.1660254038        4.7803888500
        0.3250000000        1.1910254038        4.9354858500
        0.3500000000        1.2160254038        5.0933038500
        0.3750000000        1.2410254038        5.2552033500
        0.4000000000        1.2660254038        5.4198238500
        0.4250000000        1.2910254038        5.5858048500
        0.4500000000        1.3160254038        5.7545068500
        0.4750000000        1.3410254038        5.9245693500
        0.5000000000        1.3660254038        6.0959923500
        0.5250000000        1.3910254038        6.2687758500
        0.5500000000        1.4160254038        6.4429198500
        0.5750000000        1.4410254038        6.6170638500
        0.6000000000        1.4660254038        6.7925683500
        0.6250000000        1.4910254038        6.9680728500
        0.6500000000        1.5160254038        7.1435773500
        0.6750000000        1.5410254038        7.3190818500
        0.7000000000        1.5660254038        7.4932258500
        0.7250000000        1.5910254038        7.6687303500
        0.7500000000        1.6160254038        7.8401533500
        0.7750000000        1.6410254038        8.0088553500
        0.8000000000        1.6660254038        8.1734758500
        0.8250000000        1.6910254038        8.3312938500
        0.8500000000        1.7160254038        8.4823093500
        0.8750000000        1.7410254038        8.6210803500
        0.9000000000        1.7660254038        8.7448858500
        0.9250000000        1.7910254038        8.8496443500
        0.9500000000        1.8160254038        8.9285533500
        0.9750000000        1.8410254038        8.9802523500
        1.0000000000        1.8660254038        8.9965783500
 
        0.0000000000        0.8660254038        3.6443713500
        0.0250000000        0.8910254038        3.6552553500
        0.0500000000        0.9160254038        3.6851863500
        0.0750000000        0.9410254038        3.7355248500
        0.1000000000        0.9660254038        3.8021893500
        0.1250000000        0.9910254038        3.8865403500
        0.1500000000        1.0160254038        3.9844963500
        0.1750000000        1.0410254038        4.0946968500
        0.2000000000        1.0660254038        4.2171418500
        0.2250000000        1.0910254038        4.3477498500
        0.2500000000        1.1160254038        4.4865208500
        0.2750000000        1.1410254038        4.6307338500
        0.3000000000        1.1660254038        4.7803888500
        0.3250000000        1.1910254038        4.9354858500
        0.3500000000        1.2160254038        5.0933038500
        0.3750000000        1.2410254038        5.2552033500
        0.4000000000        1.2660254038        5.4198238500
        0.4250000000        1.2910254038        5.5858048500
        0.4500000000        1.3160254038        5.7545068500
        0.4750000000        1.3410254038        5.9245693500
        0.5000000000        1.3660254038        6.0959923500
        0.5250000000        1.3910254038        6.2687758500
        0.5500000000        1.4160254038        6.4429198500
        0.5750000000        1.4410254038        6.6170638500
        0.6000000000        1.4660254038        6.7925683500
        0.6250000000        1.4910254038        6.9680728500
        0.6500000000        1.5160254038        7.1435773500
        0.6750000000        1.5410254038        7.3190818500
        0.7000000000        1.5660254038        7.4932258500
        0.7250000000        1.5910254038        7.6687303500
        0.7500000000        1.6160254038        7.8401533500
        0.7750000000        1.6410254038        8.0088553500
        0.8000000000        1.6660254038        8.1734758500
        0.8250000000        1.6910254038        8.3312938500
        0.8500000000        1.7160254038        8.4823093500
        0.8750000000        1.7410254038        8.6210803500
        0.9000000000        1.7660254038        8.7448858500
        0.9250000000        1.7910254038        8.8496443500
        0.9500000000        1.8160254038        8.9285533500
        0.9750000000        1.8410254038        8.9802523500
        1.0000000000        1.8660254038        8.9965783500
 
        0.0000000000        0.8660254038        6.4633273500
        0.0250000000        0.8910254038        6.4782928500
        0.0500000000        0.9160254038        6.5204683500
        0.0750000000        0.9410254038        6.5898538500
        0.1000000000        0.9660254038        6.6823678500
        0.1250000000        0.9910254038        6.7952893500
        0.1500000000        1.0160254038        6.9245368500
        0.1750000000        1.0410254038        7.0605868500
        0.2000000000        1.0660254038        7.1952763500
        0.2250000000        1.0910254038        7.2265678500
        0.2500000000        1.1160254038        7.1041228500
        0.2750000000        1.1410254038        6.9599098500
        0.3000000000        1.1660254038        6.8252203500
        0.3250000000        1.1910254038        6.7109383500
        0.3500000000        1.2160254038        6.6197848500
        0.3750000000        1.2410254038        6.5572018500
        0.4000000000        1.2660254038        6.5231893500
        0.4250000000        1.2910254038        6.5204683500
        0.4500000000        1.3160254038        6.5490388500
        0.4750000000        1.3410254038        6.6089008500
        0.5000000000        1.3660254038        6.6959728500
        0.5250000000        1.3910254038        6.8061733500
        0.5500000000        1.4160254038        6.9381418500
        0.5750000000        1.4410254038        7.0864363500
        0.6000000000        1.4660254038        7.2483358500
        0.6250000000        1.4910254038        7.4211193500
        0.6500000000        1.5160254038        7.6034263500
        0.6750000000        1.5410254038        7.7898148500
        0.7000000000        1.5660254038        7.9802848500
        0.7250000000        1.5910254038        8.1734758500
        0.7500000000        1.6160254038        8.3653063500
        0.7750000000        1.6410254038        8.5544158500
        0.8000000000        1.6660254038        8.7394438500
        0.8250000000        1.6910254038        8.9176693500
        0.8500000000        1.7160254038        9.0850108500
        0.8750000000        1.7410254038        9.2401078500
        0.9000000000        1.7660254038        9.3788788500
        0.9250000000        1.7910254038        9.4945213500
        0.9500000000        1.8160254038        9.5843143500
        0.9750000000        1.8410254038        9.6400948500
        1.0000000000        1.8660254038        9.6591418500
 
        0.0000000000        0.8660254038        9.0686848500
        0.0250000000        0.8910254038        8.9680078500
        0.0500000000        0.9160254038        8.7775378500
        0.0750000000        0.9410254038        8.5707418500
        0.1000000000        0.9660254038        8.3517013500
        0.1250000000        0.9910254038        8.1340213500
        0.1500000000        1.0160254038        7.9217833500
        0.1750000000        1.0410254038        7.7217898500
        0.2000000000        1.0660254038        7.5517273500
        0.2250000000        1.0910254038        7.5013888500
        0.2500000000        1.1160254038        7.6292758500
        0.2750000000        1.1410254038        7.8006988500
        0.3000000000        1.1660254038        7.9870873500
        0.3250000000        1.1910254038        8.1816388500
        0.3500000000        1.2160254038        8.3816323500
        0.3750000000        1.2410254038        8.5870678500
        0.4000000000        1.2660254038        8.7993058500
        0.4250000000        1.2910254038        9.0156253500
        0.4500000000        1.3160254038        9.2373868500
        0.4750000000        1.3410254038        9.4618693500
        0.5000000000        1.3660254038        9.6890728500
        0.5250000000        1.3910254038        9.8564143500
        0.5500000000        1.4160254038        9.9230788500
        0.5750000000        1.4410254038        9.9924643500
        0.6000000000        1.4660254038       10.0645708500
        0.6250000000        1.4910254038       10.1393983500
        0.6500000000        1.5160254038       10.2155863500
        0.6750000000        1.5410254038       10.2944953500
        0.7000000000        1.5660254038       10.3734043500
        0.7250000000        1.5910254038       10.4577553500
        0.7500000000        1.6160254038       10.5393853500
        0.7750000000        1.6410254038       10.6210153500
        0.8000000000        1.6660254038       10.6999243500
        0.8250000000        1.6910254038       10.7788333500
        0.8500000000        1.7160254038       10.8523003500
        0.8750000000        1.7410254038       10.9203253500
        0.9000000000        1.7660254038       10.9815478500
        0.9250000000        1.7910254038       11.0318863500
        0.9500000000        1.8160254038       11.0713408500
        0.9750000000        1.8410254038       11.0944693500
        1.0000000000        1.8660254038       11.1039928500
 
        0.0000000000        0.8660254038        9.0686848500
        0.0250000000        0.8910254038        9.0700453500
        0.0500000000        0.9160254038        9.0741268500
        0.0750000000        0.9410254038        9.0809293500
        0.1000000000        0.9660254038        9.0918133500
        0.1250000000        0.9910254038        9.1054183500
        0.1500000000        1.0160254038        9.1231048500
        0.1750000000        1.0410254038        9.1448728500
        0.2000000000        1.0660254038        9.2088163500
        0.2250000000        1.0910254038        9.2387473500
        0.2500000000        1.1160254038        9.2727598500
        0.2750000000        1.1410254038        9.3108538500
        0.3000000000        1.1660254038        9.3530293500
        0.3250000000        1.1910254038        9.3979258500
        0.3500000000        1.2160254038        9.4455433500
        0.3750000000        1.2410254038        9.4972423500
        0.4000000000        1.2660254038        9.5516623500
        0.4250000000        1.2910254038        9.6074428500
        0.4500000000        1.3160254038        9.6659443500
        0.4750000000        1.3410254038        9.7271668500
        0.5000000000        1.3660254038        9.7911103500
        0.5250000000        1.3910254038        9.9162763500
        0.5500000000        1.4160254038       10.1434798500
        0.5750000000        1.4410254038       10.3652413500
        0.6000000000        1.4660254038       10.5815608500
        0.6250000000        1.4910254038       10.7815543500
        0.6500000000        1.5160254038       10.9747453500
        0.6750000000        1.5410254038       11.1529708500
        0.7000000000        1.5660254038       11.3121493500
        0.7250000000        1.5910254038       11.4590833500
        0.7500000000        1.6160254038       11.5720048500
        0.7750000000        1.6410254038       11.6563558500
        0.8000000000        1.6660254038       11.7121363500
        0.8250000000        1.6910254038       11.7379858500
        0.8500000000        1.7160254038       11.7393463500
        0.8750000000        1.7410254038       11.7202993500
        0.9000000000        1.7660254038       11.6005753500
        0.9250000000        1.7910254038       11.4971773500
        0.9500000000        1.8160254038       11.4169078500
        0.9750000000        1.8410254038       11.3665693500
        1.0000000000        1.8660254038       11.3488828500
 
        0.0000000000        0.8660254038        9.4210543500
        0.0250000000        0.8910254038        9.4251358500
        0.0500000000        0.9160254038        9.4373803500
        0.0750000000        0.9410254038        9.4591483500
        0.1000000000        0.9660254038        9.4890793500
        0.1250000000        0.9910254038        9.5258128500
        0.1500000000        1.0160254038        9.5734303500
        0.1750000000        1.0410254038        9.6278503500
        0.2000000000        1.0660254038        9.7081198500
        0.2250000000        1.0910254038        9.7815868500
        0.2500000000        1.1160254038        9.8632168500
        0.2750000000        1.1410254038        9.9543703500
        0.3000000000        1.1660254038       10.0536868500
        0.3250000000        1.1910254038       10.1625268500
        0.3500000000        1.2160254038       10.2795298500
        0.3750000000        1.2410254038       10.4046958500
        0.4000000000        1.2660254038       10.5380248500
        0.4250000000        1.2910254038       10.6781563500
        0.4500000000        1.3160254038       10.8250903500
        0.4750000000        1.3410254038       10.9788268500
        0.5000000000        1.3660254038       11.1393658500
        0.5250000000        1.3910254038       11.3053468500
        0.5500000000        1.4160254038       11.4767698500
        0.5750000000        1.4410254038       11.6549953500
        0.6000000000        1.4660254038       11.8400233500
        0.6250000000        1.4910254038       12.0304933500
        0.6500000000        1.5160254038       12.2264053500
        0.6750000000        1.5410254038       12.4236778500
        0.7000000000        1.5660254038       12.5991823500
        0.7250000000        1.5910254038       12.6195898500
        0.7500000000        1.6160254038       12.4835398500
        0.7750000000        1.6410254038       12.3243613500
        0.8000000000        1.6660254038       12.1651828500
        0.8250000000        1.6910254038       12.0100858500
        0.8500000000        1.7160254038       11.8617913500
        0.8750000000        1.7410254038       11.7243808500
        0.9000000000        1.7660254038       11.6005753500
        0.9250000000        1.7910254038       11.4971773500
        0.9500000000        1.8160254038       11.4169078500
        0.9750000000        1.8410254038       11.3665693500
        1.0000000000        1.8660254038       11.3488828500
 
        0.0000000000        0.8660254038        9.4210543500
        0.0250000000        0.8910254038        9.4251358500
        0.0500000000        0.9160254038        9.4373803500
        0.0750000000        0.9410254038        9.4591483500
        0.1000000000        0.9660254038        9.4890793500
        0.1250000000        0.9910254038        9.5258128500
        0.1500000000        1.0160254038        9.5734303500
        0.1750000000        1.0410254038        9.6278503500
        0.2000000000        1.0660254038        9.7081198500
        0.2250000000        1.0910254038        9.7815868500
        0.2500000000        1.1160254038        9.8632168500
        0.2750000000        1.1410254038        9.9543703500
        0.3000000000        1.1660254038       10.0536868500
        0.3250000000        1.1910254038       10.1625268500
        0.3500000000        1.2160254038       10.2795298500
        0.3750000000        1.2410254038       10.4046958500
        0.4000000000        1.2660254038       10.5380248500
        0.4250000000        1.2910254038       10.6781563500
        0.4500000000        1.3160254038       10.8250903500
        0.4750000000        1.3410254038       10.9788268500
        0.5000000000        1.3660254038       11.1393658500
        0.5250000000        1.3910254038       11.3053468500
        0.5500000000        1.4160254038       11.4767698500
        0.5750000000        1.4410254038       11.6549953500
        0.6000000000        1.4660254038       11.8400233500
        0.6250000000        1.4910254038       12.0304933500
        0.6500000000        1.5160254038       12.2264053500
        0.6750000000        1.5410254038       12.4236778500
        0.7000000000        1.5660254038       12.5991823500
        0.7250000000        1.5910254038       12.6195898500
        0.7500000000        1.6160254038       12.4835398500
        0.7750000000        1.6410254038       12.3243613500
        0.8000000000        1.6660254038       12.1651828500
        0.8250000000        1.6910254038       12.0100858500
        0.8500000000        1.7160254038       11.8617913500
        0.8750000000        1.7410254038       11.7243808500
        0.9000000000        1.7660254038       11.6876473500
        0.9250000000        1.7910254038       11.6495533500
        0.9500000000        1.8160254038       11.6141803500
        0.9750000000        1.8410254038       11.5896913500
        1.0000000000        1.8660254038       11.5801678500
 
        0.0000000000        0.8660254038        9.4210543500
        0.0250000000        0.8910254038        9.5108473500
        0.0500000000        0.9160254038        9.6686653500
        0.0750000000        0.9410254038        9.8591353500
        0.1000000000        0.9660254038       10.0142323500
        0.1250000000        0.9910254038       10.1598058500
        0.1500000000        1.0160254038       10.2944953500
        0.1750000000        1.0410254038       10.4169403500
        0.2000000000        1.0660254038       10.5489088500
        0.2250000000        1.0910254038       10.6686328500
        0.2500000000        1.1160254038       10.7842753500
        0.2750000000        1.1410254038       10.8958363500
        0.3000000000        1.1660254038       11.0046763500
        0.3250000000        1.1910254038       11.1107953500
        0.3500000000        1.2160254038       11.2141933500
        0.3750000000        1.2410254038       11.3175913500
        0.4000000000        1.2660254038       11.4182683500
        0.4250000000        1.2910254038       11.5216663500
        0.4500000000        1.3160254038       11.6277853500
        0.4750000000        1.3410254038       11.7393463500
        0.5000000000        1.3660254038       11.8563493500
        0.5250000000        1.3910254038       11.9815153500
        0.5500000000        1.4160254038       12.1162048500
        0.5750000000        1.4410254038       12.2604178500
        0.6000000000        1.4660254038       12.4127938500
        0.6250000000        1.4910254038       12.5624488500
        0.6500000000        1.5160254038       12.7284298500
        0.6750000000        1.5410254038       12.8984923500
        0.7000000000        1.5660254038       12.9039343500
        0.7250000000        1.5910254038       12.9733198500
        0.7500000000        1.6160254038       13.1651503500
        0.7750000000        1.6410254038       13.3855513500
        0.8000000000        1.6660254038       13.5066358500
        0.8250000000        1.6910254038       13.3814698500
        0.8500000000        1.7160254038       13.2644668500
        0.8750000000        1.7410254038       13.1597083500
        0.9000000000        1.7660254038       13.0671943500
        0.9250000000        1.7910254038       12.9923668500
        0.9500000000        1.8160254038       12.9352258500
        0.9750000000        1.8410254038       12.8998528500
        1.0000000000        1.8660254038       12.8876083500
 
        0.0000000000        0.8660254038       11.8631518500
        0.0250000000        0.8910254038       11.8862803500
        0.0500000000        0.9160254038       11.9502238500
        0.0750000000        0.9410254038       12.0645058500
        0.1000000000        0.9660254038       12.2100793500
        0.1250000000        0.9910254038       12.3855838500
        0.1500000000        1.0160254038       12.5842168500
        0.1750000000        1.0410254038       12.7855708500
        0.2000000000        1.0660254038       13.0413448500
        0.2250000000        1.0910254038       13.2848743500
        0.2500000000        1.1160254038       13.5365668500
        0.2750000000        1.1410254038       13.7950618500
        0.3000000000        1.1660254038       14.0576383500
        0.3250000000        1.1910254038       14.3229358500
        0.3500000000        1.2160254038       14.5841518500
        0.3750000000        1.2410254038       14.7365278500
        0.4000000000        1.2660254038       14.6263273500
        0.4250000000        1.2910254038       14.5079638500
        0.4500000000        1.3160254038       14.3841583500
        0.4750000000        1.3410254038       14.2535503500
        0.5000000000        1.3660254038       14.1161398500
        0.5250000000        1.3910254038       13.9732873500
        0.5500000000        1.4160254038       13.8249928500
        0.5750000000        1.4410254038       13.6726168500
        0.6000000000        1.4660254038       13.5147988500
        0.6250000000        1.4910254038       13.3542598500
        0.6500000000        1.5160254038       13.1923603500
        0.6750000000        1.5410254038       13.0345423500
        0.7000000000        1.5660254038       12.9039343500
        0.7250000000        1.5910254038       12.9733198500
        0.7500000000        1.6160254038       13.1651503500
        0.7750000000        1.6410254038       13.3855513500
        0.8000000000        1.6660254038       13.6127548500
        0.8250000000        1.6910254038       13.8168298500
        0.8500000000        1.7160254038       13.9147858500
        0.8750000000        1.7410254038       13.9977763500
        0.9000000000        1.7660254038       14.0685223500
        0.9250000000        1.7910254038       14.1283843500
        0.9500000000        1.8160254038       14.1746413500
        0.9750000000        1.8410254038       14.2059328500
        1.0000000000        1.8660254038       14.2168168500
 
        0.0000000000        0.8660254038       15.5977243500
        0.0250000000        0.8910254038       15.5963638500
        0.0500000000        0.9160254038       15.5895613500
        0.0750000000        0.9410254038       15.6303763500
        0.1000000000        0.9660254038       15.6480628500
        0.1250000000        0.9910254038       15.6671098500
        0.1500000000        1.0160254038       15.6902383500
        0.1750000000        1.0410254038       15.2317498500
        0.2000000000        1.0660254038       15.3473923500
        0.2250000000        1.0910254038       15.2766463500
        0.2500000000        1.1160254038       15.2018188500
        0.2750000000        1.1410254038       15.1201888500
        0.3000000000        1.1660254038       15.0344773500
        0.3250000000        1.1910254038       14.9406028500
        0.3500000000        1.2160254038       14.8426468500
        0.3750000000        1.2410254038       14.7365278500
        0.4000000000        1.2660254038       14.6263273500
        0.4250000000        1.2910254038       14.5079638500
        0.4500000000        1.3160254038       14.3841583500
        0.4750000000        1.3410254038       14.2535503500
        0.5000000000        1.3660254038       14.1161398500
        0.5250000000        1.3910254038       13.9732873500
        0.5500000000        1.4160254038       13.8249928500
        0.5750000000        1.4410254038       13.6726168500
        0.6000000000        1.4660254038       13.5147988500
        0.6250000000        1.4910254038       13.3542598500
        0.6500000000        1.5160254038       13.1923603500
        0.6750000000        1.5410254038       13.0345423500
        0.7000000000        1.5660254038       13.0685548500
        0.7250000000        1.5910254038       13.2535828500
        0.7500000000        1.6160254038       13.4154823500
        0.7750000000        1.6410254038       13.5664978500
        0.8000000000        1.6660254038       13.6127548500
        0.8250000000        1.6910254038       13.8426793500
        0.8500000000        1.7160254038       14.0698828500
        0.8750000000        1.7410254038       14.2930048500
        0.9000000000        1.7660254038       14.5079638500
        0.9250000000        1.7910254038       14.7065968500
        0.9500000000        1.8160254038       14.8793803500
        0.9750000000        1.8410254038       14.9052298500
        1.0000000000        1.8660254038       14.9133928500
 
        0.0000000000        0.8660254038       15.5990848500
        0.0250000000        0.8910254038       15.5963638500
        0.0500000000        0.9160254038       15.5895613500
        0.0750000000        0.9410254038       15.8453353500
        0.1000000000        0.9660254038       15.8140438500
        0.1250000000        0.9910254038       15.7745893500
        0.1500000000        1.0160254038       15.7296928500
        0.1750000000        1.0410254038       15.2317498500
        0.2000000000        1.0660254038       15.3473923500
        0.2250000000        1.0910254038       15.2766463500
        0.2500000000        1.1160254038       15.2018188500
        0.2750000000        1.1410254038       15.1201888500
        0.3000000000        1.1660254038       15.0344773500
        0.3250000000        1.1910254038       14.9406028500
        0.3500000000        1.2160254038       14.8426468500
        0.3750000000        1.2410254038       14.8358443500
        0.4000000000        1.2660254038       15.0657688500
        0.4250000000        1.2910254038       15.2575993500
        0.4500000000        1.3160254038       15.3827653500
        0.4750000000        1.3410254038       15.4303828500
        0.5000000000        1.3660254038       15.2916118500
        0.5250000000        1.3910254038       15.1310728500
        0.5500000000        1.4160254038       14.9718943500
        0.5750000000        1.4410254038       14.8154368500
        0.6000000000        1.4660254038       14.6603398500
        0.6250000000        1.4910254038       14.5066033500
        0.6500000000        1.5160254038       14.3555878500
        0.6750000000        1.5410254038       14.2059328500
        0.7000000000        1.5660254038       14.0589988500
        0.7250000000        1.5910254038       13.9188673500
        0.7500000000        1.6160254038       13.7773753500
        0.7750000000        1.6410254038       13.6386043500
        0.8000000000        1.6660254038       13.7011873500
        0.8250000000        1.6910254038       13.8426793500
        0.8500000000        1.7160254038       14.0698828500
        0.8750000000        1.7410254038       14.2930048500
        0.9000000000        1.7660254038       14.5079638500
        0.9250000000        1.7910254038       14.7065968500
        0.9500000000        1.8160254038       14.8793803500
        0.9750000000        1.8410254038       15.0072673500
        1.0000000000        1.8660254038       15.0562453500
 
        0.0000000000        0.8660254038       15.5990848500
        0.0250000000        0.8910254038       15.6004453500
        0.0500000000        0.9160254038       15.6072478500
        0.0750000000        0.9410254038       15.8453353500
        0.1000000000        0.9660254038       15.8140438500
        0.1250000000        0.9910254038       15.7745893500
        0.1500000000        1.0160254038       15.7296928500
        0.1750000000        1.0410254038       15.5637118500
        0.2000000000        1.0660254038       15.8943133500
        0.2250000000        1.0910254038       15.8970343500
        0.2500000000        1.1160254038       15.8983948500
        0.2750000000        1.1410254038       15.8956738500
        0.3000000000        1.1660254038       15.8902318500
        0.3250000000        1.1910254038       15.8820688500
        0.3500000000        1.2160254038       15.8711848500
        0.3750000000        1.2410254038       15.8589403500
        0.4000000000        1.2660254038       15.8494168500
        0.4250000000        1.2910254038       15.7745893500
        0.4500000000        1.3160254038       15.6140503500
        0.4750000000        1.3410254038       15.4521508500
        0.5000000000        1.3660254038       15.4194988500
        0.5250000000        1.3910254038       15.3705208500
        0.5500000000        1.4160254038       15.3011353500
        0.5750000000        1.4410254038       15.2154238500
        0.6000000000        1.4660254038       15.1188283500
        0.6250000000        1.4910254038       14.9542078500
        0.6500000000        1.5160254038       14.8480888500
        0.6750000000        1.5410254038       14.7419698500
        0.7000000000        1.5660254038       14.6426533500
        0.7250000000        1.5910254038       14.6780263500
        0.7500000000        1.6160254038       14.6113618500
        0.7750000000        1.6410254038       14.5719073500
        0.8000000000        1.6660254038       14.5651048500
        0.8250000000        1.6910254038       14.5909543500
        0.8500000000        1.7160254038       14.6453743500
        0.8750000000        1.7410254038       14.7133993500
        0.9000000000        1.7660254038       14.7814243500
        0.9250000000        1.7910254038       14.8399258500
        0.9500000000        1.8160254038       14.8821013500
        0.9750000000        1.8410254038       15.0072673500
        1.0000000000        1.8660254038       15.0562453500
 
        0.0000000000        0.8660254038       15.9133603500
        0.0250000000        0.8910254038       15.9133603500
        0.0500000000        0.9160254038       15.9106393500
        0.0750000000        0.9410254038       15.9065578500
        0.1000000000        0.9660254038       15.8997553500
        0.1250000000        0.9910254038       15.8915923500
        0.1500000000        1.0160254038       15.8807083500
        0.1750000000        1.0410254038       15.8671033500
        0.2000000000        1.0660254038       16.9459798500
        0.2250000000        1.0910254038       16.8684313500
        0.2500000000        1.1160254038       16.7609518500
        0.2750000000        1.1410254038       16.6425883500
        0.3000000000        1.1660254038       16.5160618500
        0.3250000000        1.1910254038       16.3800118500
        0.3500000000        1.2160254038       16.2371593500
        0.3750000000        1.2410254038       16.0861438500
        0.4000000000        1.2660254038       15.9324073500
        0.4250000000        1.2910254038       15.8521378500
        0.4500000000        1.3160254038       15.8793478500
        0.4750000000        1.3410254038       15.9337678500
        0.5000000000        1.3660254038       15.9881878500
        0.5250000000        1.3910254038       16.0235608500
        0.5500000000        1.4160254038       16.0358053500
        0.5750000000        1.4410254038       16.0303633500
        0.6000000000        1.4660254038       16.0140373500
        0.6250000000        1.4910254038       15.9922693500
        0.6500000000        1.5160254038       15.9677803500
        0.6750000000        1.5410254038       15.9405703500
        0.7000000000        1.5660254038       15.9119998500
        0.7250000000        1.5910254038       15.9364888500
        0.7500000000        1.6160254038       15.9215233500
        0.7750000000        1.6410254038       15.9065578500
        0.8000000000        1.6660254038       15.8915923500
        0.8250000000        1.6910254038       15.8793478500
        0.8500000000        1.7160254038       15.8711848500
        0.8750000000        1.7410254038       15.8698243500
        0.9000000000        1.7660254038       15.8793478500
        0.9250000000        1.7910254038       15.8997553500
        0.9500000000        1.8160254038       15.9296863500
        0.9750000000        1.8410254038       15.9609778500
        1.0000000000        1.8660254038       15.9555358500
 
        0.0000000000        0.8660254038       15.9133603500
        0.0250000000        0.8910254038       15.9174418500
        0.0500000000        0.9160254038       15.9310468500
        0.0750000000        0.9410254038       16.7827198500
        0.1000000000        0.9660254038       16.7772778500
        0.1250000000        0.9910254038       16.7759173500
        0.1500000000        1.0160254038       16.7786383500
        0.1750000000        1.0410254038       16.6970083500
        0.2000000000        1.0660254038       16.9650268500
        0.2250000000        1.0910254038       16.9568638500
        0.2500000000        1.1160254038       16.9650268500
        0.2750000000        1.1410254038       16.9704688500
        0.3000000000        1.1660254038       16.9718293500
        0.3250000000        1.1910254038       16.9704688500
        0.3500000000        1.2160254038       16.9691083500
        0.3750000000        1.2410254038       16.9691083500
        0.4000000000        1.2660254038       16.9718293500
        0.4250000000        1.2910254038       16.9799923500
        0.4500000000        1.3160254038       16.9935973500
        0.4750000000        1.3410254038       17.0058418500
        0.5000000000        1.3660254038       17.0044813500
        0.5250000000        1.3910254038       16.9786318500
        0.5500000000        1.4160254038       16.9350958500
        0.5750000000        1.4410254038       16.8806758500
        0.6000000000        1.4660254038       16.8235348500
        0.6250000000        1.4910254038       16.6371463500
        0.6500000000        1.5160254038       16.5718423500
        0.6750000000        1.5410254038       16.5160618500
        0.7000000000        1.5660254038       16.4684443500
        0.7250000000        1.5910254038       16.4983753500
        0.7500000000        1.6160254038       16.4534788500
        0.7750000000        1.6410254038       16.4126638500
        0.8000000000        1.6660254038       16.3745698500
        0.8250000000        1.6910254038       16.3405573500
        0.8500000000        1.7160254038       16.3092658500
        0.8750000000        1.7410254038       16.2779743500
        0.9000000000        1.7660254038       16.2466828500
        0.9250000000        1.7910254038       16.2140308500
        0.9500000000        1.8160254038       16.0970278500
        0.9750000000        1.8410254038       15.9949903500
        1.0000000000        1.8660254038       15.9555358500
 
        0.0000000000        0.8660254038       19.7037133500
        0.0250000000        0.8910254038       19.6941898500
        0.0500000000        0.9160254038       19.6656193500
        0.0750000000        0.9410254038       19.6193623500
        0.1000000000        0.9660254038       19.5554188500
        0.1250000000        0.9910254038       19.4765098500
        0.1500000000        1.0160254038       19.3826353500
        0.1750000000        1.0410254038       19.2778768500
        0.2000000000        1.0660254038       19.4819518500
        0.2250000000        1.0910254038       19.4152873500
        0.2500000000        1.1160254038       19.3404598500
        0.2750000000        1.1410254038       19.2588298500
        0.3000000000        1.1660254038       19.1717578500
        0.3250000000        1.1910254038       19.0792438500
        0.3500000000        1.2160254038       18.9391123500
        0.3750000000        1.2410254038       18.7064668500
        0.4000000000        1.2660254038       18.4983103500
        0.4250000000        1.2910254038       18.3228058500
        0.4500000000        1.3160254038       18.1962793500
        0.4750000000        1.3410254038       18.1350568500
        0.5000000000        1.3660254038       18.1595458500
        0.5250000000        1.3910254038       18.2711068500
        0.5500000000        1.4160254038       18.1690693500
        0.5750000000        1.4410254038       18.0357403500
        0.6000000000        1.4660254038       17.9037718500
        0.6250000000        1.4910254038       17.7731638500
        0.6500000000        1.5160254038       17.6439163500
        0.6750000000        1.5410254038       17.5160293500
        0.7000000000        1.5660254038       17.3881423500
        0.7250000000        1.5910254038       17.3718163500
        0.7500000000        1.6160254038       17.2303243500
        0.7750000000        1.6410254038       17.0901928500
        0.8000000000        1.6660254038       16.9487008500
        0.8250000000        1.6910254038       16.8072088500
        0.8500000000        1.7160254038       16.6629958500
        0.8750000000        1.7410254038       16.5187828500
        0.9000000000        1.7660254038       16.3718488500
        0.9250000000        1.7910254038       16.2289963500
        0.9500000000        1.8160254038       16.0970278500
        0.9750000000        1.8410254038       15.9949903500
        1.0000000000        1.8660254038       15.9759433500
 
