        0.0000000000        0.8660254038       -7.5023412000
        0.0250000000        0.8867543087       -7.4982597000
        0.0500000000        0.9074832137       -7.4900967000
        0.0750000000        0.9282121186       -7.4764917000
        0.1000000000        0.9489410235       -7.4560842000
        0.1250000000        0.9696699285       -7.4302347000
        0.1500000000        0.9903988334       -7.3989432000
        0.1750000000        1.0111277384       -7.3635702000
        0.2000000000        1.0318566433       -7.3213947000
        0.2250000000        1.0525855482       -7.2751377000
        0.2500000000        1.0733144532       -7.2247992000
        0.2750000000        1.0940433581       -7.1703792000
        0.3000000000        1.1147722631       -7.1105172000
        0.3250000000        1.1355011680       -7.0479342000
        0.3500000000        1.1562300729       -6.9826302000
        0.3750000000        1.1769589779       -6.9159657000
        0.4000000000        1.1976878828       -6.8465802000
        0.4250000000        1.2184167878       -6.7758342000
        0.4500000000        1.2391456927       -6.7064487000
        0.4750000000        1.2598745976       -6.6384237000
        0.5000000000        1.2806035026       -6.5744802000
        0.5250000000        1.3013324075       -6.5146182000
        0.5500000000        1.3220613125       -6.4615587000
        0.5750000000        1.3427902174       -6.4153017000
        0.6000000000        1.3635191223       -6.3772077000
        0.6250000000        1.3842480273       -6.3486372000
        0.6500000000        1.4049769322       -6.3295902000
        0.6750000000        1.4257058372       -6.3173457000
        0.7000000000        1.4464347421       -6.3146247000
        0.7250000000        1.4671636470       -6.3187062000
        0.7500000000        1.4878925520       -6.3323112000
        0.7750000000        1.5086214569       -6.3527187000
        0.8000000000        1.5293503619       -6.3826497000
        0.8250000000        1.5500792668       -6.4153017000
        0.8500000000        1.5708081717       -6.4506747000
        0.8750000000        1.5915370767       -6.4819662000
        0.9000000000        1.6122659816       -6.5091762000
        0.9250000000        1.6329948866       -6.5309442000
        0.9500000000        1.6537237915       -6.5472702000
        0.9750000000        1.6744526964       -6.5567937000
        1.0000000000        1.6951816014       -6.5608752000
 
        0.0000000000        0.8660254038       -5.5473027000
        0.0250000000        0.8867543087       -5.5473027000
        0.0500000000        0.9074832137       -5.5486632000
        0.0750000000        0.9282121186       -5.5500237000
        0.1000000000        0.9489410235       -5.5541052000
        0.1250000000        0.9696699285       -5.5581867000
        0.1500000000        0.9903988334       -5.5636287000
        0.1750000000        1.0111277384       -5.5690707000
        0.2000000000        1.0318566433       -5.5758732000
        0.2250000000        1.0525855482       -5.5826757000
        0.2500000000        1.0733144532       -5.5908387000
        0.2750000000        1.0940433581       -5.5990017000
        0.3000000000        1.1147722631       -5.6085252000
        0.3250000000        1.1355011680       -5.6166882000
        0.3500000000        1.1562300729       -5.6262117000
        0.3750000000        1.1769589779       -5.6343747000
        0.4000000000        1.1976878828       -5.6411772000
        0.4250000000        1.2184167878       -5.6466192000
        0.4500000000        1.2391456927       -5.6507007000
        0.4750000000        1.2598745976       -5.6520612000
        0.5000000000        1.2806035026       -5.6507007000
        0.5250000000        1.3013324075       -5.6452587000
        0.5500000000        1.3220613125       -5.6370957000
        0.5750000000        1.3427902174       -5.6302932000
        0.6000000000        1.3635191223       -5.6425377000
        0.6250000000        1.3842480273       -5.6969577000
        0.6500000000        1.4049769322       -5.7799482000
        0.6750000000        1.4257058372       -5.8670202000
        0.7000000000        1.4464347421       -5.9486502000
        0.7250000000        1.4671636470       -6.0221172000
        0.7500000000        1.4878925520       -6.0847002000
        0.7750000000        1.5086214569       -6.1336782000
        0.8000000000        1.5293503619       -6.1690512000
        0.8250000000        1.5500792668       -6.1935402000
        0.8500000000        1.5708081717       -6.2098662000
        0.8750000000        1.5915370767       -6.2221107000
        0.9000000000        1.6122659816       -6.2302737000
        0.9250000000        1.6329948866       -6.2357157000
        0.9500000000        1.6537237915       -6.2397972000
        0.9750000000        1.6744526964       -6.2411577000
        1.0000000000        1.6951816014       -6.2425182000
 
        0.0000000000        0.8660254038       -5.5459422000
        0.0250000000        0.8867543087       -5.5459422000
        0.0500000000        0.9074832137       -5.5445817000
        0.0750000000        0.9282121186       -5.5418607000
        0.1000000000        0.9489410235       -5.5391397000
        0.1250000000        0.9696699285       -5.5350582000
        0.1500000000        0.9903988334       -5.5309767000
        0.1750000000        1.0111277384       -5.5255347000
        0.2000000000        1.0318566433       -5.5187322000
        0.2250000000        1.0525855482       -5.5119297000
        0.2500000000        1.0733144532       -5.5051272000
        0.2750000000        1.0940433581       -5.4983247000
        0.3000000000        1.1147722631       -5.4901617000
        0.3250000000        1.1355011680       -5.4833592000
        0.3500000000        1.1562300729       -5.4751962000
        0.3750000000        1.1769589779       -5.4683937000
        0.4000000000        1.1976878828       -5.4615912000
        0.4250000000        1.2184167878       -5.4547887000
        0.4500000000        1.2391456927       -5.4479862000
        0.4750000000        1.2598745976       -5.4425442000
        0.5000000000        1.2806035026       -5.4384627000
        0.5250000000        1.3013324075       -5.4343812000
        0.5500000000        1.3220613125       -5.4316602000
        0.5750000000        1.3427902174       -5.4289392000
        0.6000000000        1.3635191223       -5.4629517000
        0.6250000000        1.3842480273       -5.4901617000
        0.6500000000        1.4049769322       -5.4806382000
        0.6750000000        1.4257058372       -5.4615912000
        0.7000000000        1.4464347421       -5.4466257000
        0.7250000000        1.4671636470       -5.4384627000
        0.7500000000        1.4878925520       -5.4452652000
        0.7750000000        1.5086214569       -5.4629517000
        0.8000000000        1.5293503619       -5.4901617000
        0.8250000000        1.5500792668       -5.5241742000
        0.8500000000        1.5708081717       -5.5595472000
        0.8750000000        1.5915370767       -5.5949202000
        0.9000000000        1.6122659816       -5.6275722000
        0.9250000000        1.6329948866       -5.6534217000
        0.9500000000        1.6537237915       -5.6738292000
        0.9750000000        1.6744526964       -5.6860737000
        1.0000000000        1.6951816014       -5.6901552000
 
        0.0000000000        0.8660254038       -3.6534867000
        0.0250000000        0.8867543087       -3.6562077000
        0.0500000000        0.9074832137       -3.6616497000
        0.0750000000        0.9282121186       -3.6711732000
        0.1000000000        0.9489410235       -3.6861387000
        0.1250000000        0.9696699285       -3.7065462000
        0.1500000000        0.9903988334       -3.7310352000
        0.1750000000        1.0111277384       -3.7636872000
        0.2000000000        1.0318566433       -3.8045022000
        0.2250000000        1.0525855482       -3.8534802000
        0.2500000000        1.0733144532       -3.9133422000
        0.2750000000        1.0940433581       -3.9840882000
        0.3000000000        1.1147722631       -4.0684392000
        0.3250000000        1.1355011680       -4.1636742000
        0.3500000000        1.1562300729       -4.2697932000
        0.3750000000        1.1769589779       -4.3854357000
        0.4000000000        1.1976878828       -4.5092412000
        0.4250000000        1.2184167878       -4.6371282000
        0.4500000000        1.2391456927       -4.7677362000
        0.4750000000        1.2598745976       -4.8983442000
        0.5000000000        1.2806035026       -5.0275917000
        0.5250000000        1.3013324075       -5.1541182000
        0.5500000000        1.3220613125       -5.2738422000
        0.5750000000        1.3427902174       -5.3826822000
        0.6000000000        1.3635191223       -5.4275787000
        0.6250000000        1.3842480273       -5.4275787000
        0.6500000000        1.4049769322       -5.4275787000
        0.6750000000        1.4257058372       -5.4275787000
        0.7000000000        1.4464347421       -5.4289392000
        0.7250000000        1.4671636470       -5.4302997000
        0.7500000000        1.4878925520       -5.4330207000
        0.7750000000        1.5086214569       -5.4357417000
        0.8000000000        1.5293503619       -5.4371022000
        0.8250000000        1.5500792668       -5.4398232000
        0.8500000000        1.5708081717       -5.4425442000
        0.8750000000        1.5915370767       -5.4439047000
        0.9000000000        1.6122659816       -5.4452652000
        0.9250000000        1.6329948866       -5.4479862000
        0.9500000000        1.6537237915       -5.4479862000
        0.9750000000        1.6744526964       -5.4493467000
        1.0000000000        1.6951816014       -5.4493467000
 
        0.0000000000        0.8660254038       -3.6521262000
        0.0250000000        0.8867543087       -3.6548472000
        0.0500000000        0.9074832137       -3.6562077000
        0.0750000000        0.9282121186       -3.6616497000
        0.1000000000        0.9489410235       -3.6670917000
        0.1250000000        0.9696699285       -3.6738942000
        0.1500000000        0.9903988334       -3.6820572000
        0.1750000000        1.0111277384       -3.6915807000
        0.2000000000        1.0318566433       -3.7011042000
        0.2250000000        1.0525855482       -3.7119882000
        0.2500000000        1.0733144532       -3.7228722000
        0.2750000000        1.0940433581       -3.7337562000
        0.3000000000        1.1147722631       -3.7446402000
        0.3250000000        1.1355011680       -3.7541637000
        0.3500000000        1.1562300729       -3.7636872000
        0.3750000000        1.1769589779       -3.7704897000
        0.4000000000        1.1976878828       -3.7772922000
        0.4250000000        1.2184167878       -3.7813737000
        0.4500000000        1.2391456927       -3.7840947000
        0.4750000000        1.2598745976       -3.7840947000
        0.5000000000        1.2806035026       -3.8153862000
        0.5250000000        1.3013324075       -3.9201447000
        0.5500000000        1.3220613125       -4.0249032000
        0.5750000000        1.3427902174       -4.1283012000
        0.6000000000        1.3635191223       -4.2248967000
        0.6250000000        1.3842480273       -4.3174107000
        0.6500000000        1.4049769322       -4.3990407000
        0.6750000000        1.4257058372       -4.4684262000
        0.7000000000        1.4464347421       -4.5228462000
        0.7250000000        1.4671636470       -4.5595797000
        0.7500000000        1.4878925520       -4.5745452000
        0.7750000000        1.5086214569       -4.5718242000
        0.8000000000        1.5293503619       -4.5541377000
        0.8250000000        1.5500792668       -4.5242067000
        0.8500000000        1.5708081717       -4.4888337000
        0.8750000000        1.5915370767       -4.4521002000
        0.9000000000        1.6122659816       -4.4153667000
        0.9250000000        1.6329948866       -4.3840752000
        0.9500000000        1.6537237915       -4.3595862000
        0.9750000000        1.6744526964       -4.3432602000
        1.0000000000        1.6951816014       -4.3378182000
 
        0.0000000000        0.8660254038       -3.3528162000
        0.0250000000        0.8867543087       -3.3528162000
        0.0500000000        0.9074832137       -3.3528162000
        0.0750000000        0.9282121186       -3.3541767000
        0.1000000000        0.9489410235       -3.3555372000
        0.1250000000        0.9696699285       -3.3568977000
        0.1500000000        0.9903988334       -3.3596187000
        0.1750000000        1.0111277384       -3.3623397000
        0.2000000000        1.0318566433       -3.3664212000
        0.2250000000        1.0525855482       -3.3705027000
        0.2500000000        1.0733144532       -3.3759447000
        0.2750000000        1.0940433581       -3.3827472000
        0.3000000000        1.1147722631       -3.3909102000
        0.3250000000        1.1355011680       -3.4004337000
        0.3500000000        1.1562300729       -3.4113177000
        0.3750000000        1.1769589779       -3.4262832000
        0.4000000000        1.1976878828       -3.4534932000
        0.4250000000        1.2184167878       -3.5147157000
        0.4500000000        1.2391456927       -3.6072297000
        0.4750000000        1.2598745976       -3.7092672000
        0.5000000000        1.2806035026       -3.7827342000
        0.5250000000        1.3013324075       -3.7786527000
        0.5500000000        1.3220613125       -3.7704897000
        0.5750000000        1.3427902174       -3.7609662000
        0.6000000000        1.3635191223       -3.7487217000
        0.6250000000        1.3842480273       -3.7337562000
        0.6500000000        1.4049769322       -3.7147092000
        0.6750000000        1.4257058372       -3.6943017000
        0.7000000000        1.4464347421       -3.6711732000
        0.7250000000        1.4671636470       -3.6453237000
        0.7500000000        1.4878925520       -3.6167532000
        0.7750000000        1.5086214569       -3.5854617000
        0.8000000000        1.5293503619       -3.5854617000
        0.8250000000        1.5500792668       -3.5990667000
        0.8500000000        1.5708081717       -3.6126717000
        0.8750000000        1.5915370767       -3.6262767000
        0.9000000000        1.6122659816       -3.6385212000
        0.9250000000        1.6329948866       -3.6507657000
        0.9500000000        1.6537237915       -3.6602892000
        0.9750000000        1.6744526964       -3.6657312000
        1.0000000000        1.6951816014       -3.6684522000
 
        0.0000000000        0.8660254038       -2.1610182000
        0.0250000000        0.8867543087       -2.1664602000
        0.0500000000        0.9074832137       -2.1882282000
        0.0750000000        0.9282121186       -2.2236012000
        0.1000000000        0.9489410235       -2.2712187000
        0.1250000000        0.9696699285       -2.3324412000
        0.1500000000        0.9903988334       -2.4059082000
        0.1750000000        1.0111277384       -2.4875382000
        0.2000000000        1.0318566433       -2.5786917000
        0.2250000000        1.0525855482       -2.6752872000
        0.2500000000        1.0733144532       -2.7746037000
        0.2750000000        1.0940433581       -2.8752807000
        0.3000000000        1.1147722631       -2.9759577000
        0.3250000000        1.1355011680       -3.0766347000
        0.3500000000        1.1562300729       -3.1745907000
        0.3750000000        1.1769589779       -3.2698257000
        0.4000000000        1.1976878828       -3.3541767000
        0.4250000000        1.2184167878       -3.4045152000
        0.4500000000        1.2391456927       -3.4276437000
        0.4750000000        1.2598745976       -3.4412487000
        0.5000000000        1.2806035026       -3.4534932000
        0.5250000000        1.3013324075       -3.4643772000
        0.5500000000        1.3220613125       -3.4752612000
        0.5750000000        1.3427902174       -3.4861452000
        0.6000000000        1.3635191223       -3.4956687000
        0.6250000000        1.3842480273       -3.5051922000
        0.6500000000        1.4049769322       -3.5160762000
        0.6750000000        1.4257058372       -3.5255997000
        0.7000000000        1.4464347421       -3.5364837000
        0.7250000000        1.4671636470       -3.5487282000
        0.7500000000        1.4878925520       -3.5596122000
        0.7750000000        1.5086214569       -3.5718567000
        0.8000000000        1.5293503619       -3.5528097000
        0.8250000000        1.5500792668       -3.5174367000
        0.8500000000        1.5708081717       -3.4793427000
        0.8750000000        1.5915370767       -3.4398882000
        0.9000000000        1.6122659816       -3.3990732000
        0.9250000000        1.6329948866       -3.3555372000
        0.9500000000        1.6537237915       -3.3106407000
        0.9750000000        1.6744526964       -3.2643837000
        1.0000000000        1.6951816014       -3.2194872000
 
        0.0000000000        0.8660254038       -2.1528552000
        0.0250000000        0.8867543087       -2.1542157000
        0.0500000000        0.9074832137       -2.1528552000
        0.0750000000        0.9282121186       -2.1501342000
        0.1000000000        0.9489410235       -2.1446922000
        0.1250000000        0.9696699285       -2.1365292000
        0.1500000000        0.9903988334       -2.1283662000
        0.1750000000        1.0111277384       -2.1188427000
        0.2000000000        1.0318566433       -2.1065982000
        0.2250000000        1.0525855482       -2.0943537000
        0.2500000000        1.0733144532       -2.0807487000
        0.2750000000        1.0940433581       -2.1555762000
        0.3000000000        1.1147722631       -2.2331247000
        0.3250000000        1.1355011680       -2.3011497000
        0.3500000000        1.1562300729       -2.3596512000
        0.3750000000        1.1769589779       -2.4072687000
        0.4000000000        1.1976878828       -2.4440022000
        0.4250000000        1.2184167878       -2.4712122000
        0.4500000000        1.2391456927       -2.4888987000
        0.4750000000        1.2598745976       -2.4984222000
        0.5000000000        1.2806035026       -2.5011432000
        0.5250000000        1.3013324075       -2.4984222000
        0.5500000000        1.3220613125       -2.4902592000
        0.5750000000        1.3427902174       -2.4807357000
        0.6000000000        1.3635191223       -2.4684912000
        0.6250000000        1.3842480273       -2.4562467000
        0.6500000000        1.4049769322       -2.4440022000
        0.6750000000        1.4257058372       -2.4970617000
        0.7000000000        1.4464347421       -2.5555632000
        0.7250000000        1.4671636470       -2.6140647000
        0.7500000000        1.4878925520       -2.6725662000
        0.7750000000        1.5086214569       -2.7310677000
        0.8000000000        1.5293503619       -2.7882087000
        0.8250000000        1.5500792668       -2.8453497000
        0.8500000000        1.5708081717       -2.9011302000
        0.8750000000        1.5915370767       -2.9569107000
        0.9000000000        1.6122659816       -3.0099702000
        0.9250000000        1.6329948866       -3.0630297000
        0.9500000000        1.6537237915       -3.1147287000
        0.9750000000        1.6744526964       -3.1664277000
        1.0000000000        1.6951816014       -3.2126847000
 
        0.0000000000        0.8660254038       -1.2100287000
        0.0250000000        0.8867543087       -1.2331572000
        0.0500000000        0.9074832137       -1.2889377000
        0.0750000000        0.9282121186       -1.3664862000
        0.1000000000        0.9489410235       -1.4603607000
        0.1250000000        0.9696699285       -1.5610377000
        0.1500000000        0.9903988334       -1.6671567000
        0.1750000000        1.0111277384       -1.7732757000
        0.2000000000        1.0318566433       -1.8766737000
        0.2250000000        1.0525855482       -1.9759902000
        0.2500000000        1.0733144532       -2.0685042000
        0.2750000000        1.0940433581       -2.0657832000
        0.3000000000        1.1147722631       -2.0521782000
        0.3250000000        1.1355011680       -2.0372127000
        0.3500000000        1.1562300729       -2.0249682000
        0.3750000000        1.1769589779       -2.0168052000
        0.4000000000        1.1976878828       -2.0140842000
        0.4250000000        1.2184167878       -2.0222472000
        0.4500000000        1.2391456927       -2.0412942000
        0.4750000000        1.2598745976       -2.0725857000
        0.5000000000        1.2806035026       -2.1134007000
        0.5250000000        1.3013324075       -2.1596577000
        0.5500000000        1.3220613125       -2.2113567000
        0.5750000000        1.3427902174       -2.2657767000
        0.6000000000        1.3635191223       -2.3229177000
        0.6250000000        1.3842480273       -2.3800587000
        0.6500000000        1.4049769322       -2.4385602000
        0.6750000000        1.4257058372       -2.4331182000
        0.7000000000        1.4464347421       -2.4249552000
        0.7250000000        1.4671636470       -2.4195132000
        0.7500000000        1.4878925520       -2.4181527000
        0.7750000000        1.5086214569       -2.4195132000
        0.8000000000        1.5293503619       -2.4235947000
        0.8250000000        1.5500792668       -2.4303972000
        0.8500000000        1.5708081717       -2.4371997000
        0.8750000000        1.5915370767       -2.4467232000
        0.9000000000        1.6122659816       -2.4548862000
        0.9250000000        1.6329948866       -2.4630492000
        0.9500000000        1.6537237915       -2.4684912000
        0.9750000000        1.6744526964       -2.4725727000
        1.0000000000        1.6951816014       -2.4739332000
 
        0.0000000000        0.8660254038       -1.2100287000
        0.0250000000        0.8867543087       -1.2127497000
        0.0500000000        0.9074832137       -1.2222732000
        0.0750000000        0.9282121186       -1.2372387000
        0.1000000000        0.9489410235       -1.2576462000
        0.1250000000        0.9696699285       -1.2821352000
        0.1500000000        0.9903988334       -1.3107057000
        0.1750000000        1.0111277384       -1.3433577000
        0.2000000000        1.0318566433       -1.3787307000
        0.2250000000        1.0525855482       -1.4168247000
        0.2500000000        1.0733144532       -1.4562792000
        0.2750000000        1.0940433581       -1.4984547000
        0.3000000000        1.1147722631       -1.5392697000
        0.3250000000        1.1355011680       -1.5814452000
        0.3500000000        1.1562300729       -1.6222602000
        0.3750000000        1.1769589779       -1.6589937000
        0.4000000000        1.1976878828       -1.6889247000
        0.4250000000        1.2184167878       -1.7079717000
        0.4500000000        1.2391456927       -1.7161347000
        0.4750000000        1.2598745976       -1.7106927000
        0.5000000000        1.2806035026       -1.6957272000
        0.5250000000        1.3013324075       -1.6739592000
        0.5500000000        1.3220613125       -1.6453887000
        0.5750000000        1.3427902174       -1.6154577000
        0.6000000000        1.3635191223       -1.5814452000
        0.6250000000        1.3842480273       -1.5555957000
        0.6500000000        1.4049769322       -1.5692007000
        0.6750000000        1.4257058372       -1.5814452000
        0.7000000000        1.4464347421       -1.5909687000
        0.7250000000        1.4671636470       -1.5977712000
        0.7500000000        1.4878925520       -1.6045737000
        0.7750000000        1.5086214569       -1.6086552000
        0.8000000000        1.5293503619       -1.6127367000
        0.8250000000        1.5500792668       -1.6154577000
        0.8500000000        1.5708081717       -1.6195392000
        0.8750000000        1.5915370767       -1.6222602000
        0.9000000000        1.6122659816       -1.6263417000
        0.9250000000        1.6329948866       -1.6304232000
        0.9500000000        1.6537237915       -1.6331442000
        0.9750000000        1.6744526964       -1.6345047000
        1.0000000000        1.6951816014       -1.6358652000
 
        0.0000000000        0.8660254038       -1.1909817000
        0.0250000000        0.8867543087       -1.1950632000
        0.0500000000        0.9074832137       -1.2032262000
        0.0750000000        0.9282121186       -1.2113892000
        0.1000000000        0.9489410235       -1.2195522000
        0.1250000000        0.9696699285       -1.2290757000
        0.1500000000        0.9903988334       -1.2399597000
        0.1750000000        1.0111277384       -1.2494832000
        0.2000000000        1.0318566433       -1.2617277000
        0.2250000000        1.0525855482       -1.2739722000
        0.2500000000        1.0733144532       -1.2875772000
        0.2750000000        1.0940433581       -1.3025427000
        0.3000000000        1.1147722631       -1.3175082000
        0.3250000000        1.1355011680       -1.3338342000
        0.3500000000        1.1562300729       -1.3515207000
        0.3750000000        1.1769589779       -1.3692072000
        0.4000000000        1.1976878828       -1.3882542000
        0.4250000000        1.2184167878       -1.4073012000
        0.4500000000        1.2391456927       -1.4263482000
        0.4750000000        1.2598745976       -1.4467557000
        0.5000000000        1.2806035026       -1.4658027000
        0.5250000000        1.3013324075       -1.4862102000
        0.5500000000        1.3220613125       -1.5052572000
        0.5750000000        1.3427902174       -1.5229437000
        0.6000000000        1.3635191223       -1.5406302000
        0.6250000000        1.3842480273       -1.5447117000
        0.6500000000        1.4049769322       -1.5079782000
        0.6750000000        1.4257058372       -1.4698842000
        0.7000000000        1.4464347421       -1.4304297000
        0.7250000000        1.4671636470       -1.3896147000
        0.7500000000        1.4878925520       -1.3501602000
        0.7750000000        1.5086214569       -1.3379157000
        0.8000000000        1.5293503619       -1.3447182000
        0.8250000000        1.5500792668       -1.3447182000
        0.8500000000        1.5708081717       -1.3392762000
        0.8750000000        1.5915370767       -1.3283922000
        0.9000000000        1.6122659816       -1.3161477000
        0.9250000000        1.6329948866       -1.3011822000
        0.9500000000        1.6537237915       -1.2889377000
        0.9750000000        1.6744526964       -1.2807747000
        1.0000000000        1.6951816014       -1.2780537000
 
        0.0000000000        0.8660254038       -1.1814582000
        0.0250000000        0.8867543087       -1.1719347000
        0.0500000000        0.9074832137       -1.1569692000
        0.0750000000        0.9282121186       -1.1406432000
        0.1000000000        0.9489410235       -1.1229567000
        0.1250000000        0.9696699285       -1.1025492000
        0.1500000000        0.9903988334       -1.0821417000
        0.1750000000        1.0111277384       -1.0617342000
        0.2000000000        1.0318566433       -1.0399662000
        0.2250000000        1.0525855482       -1.0181982000
        0.2500000000        1.0733144532       -0.9964302000
        0.2750000000        1.0940433581       -0.9746622000
        0.3000000000        1.1147722631       -0.9542547000
        0.3250000000        1.1355011680       -0.9338472000
        0.3500000000        1.1562300729       -0.9134397000
        0.3750000000        1.1769589779       -0.8943927000
        0.4000000000        1.1976878828       -0.8780667000
        0.4250000000        1.2184167878       -0.8631012000
        0.4500000000        1.2391456927       -0.8562987000
        0.4750000000        1.2598745976       -0.8739852000
        0.5000000000        1.2806035026       -0.9161607000
        0.5250000000        1.3013324075       -0.9664992000
        0.5500000000        1.3220613125       -1.0168377000
        0.5750000000        1.3427902174       -1.0671762000
        0.6000000000        1.3635191223       -1.1147937000
        0.6250000000        1.3842480273       -1.1596902000
        0.6500000000        1.4049769322       -1.2018657000
        0.6750000000        1.4257058372       -1.2399597000
        0.7000000000        1.4464347421       -1.2726117000
        0.7250000000        1.4671636470       -1.3011822000
        0.7500000000        1.4878925520       -1.3215897000
        0.7750000000        1.5086214569       -1.3079847000
        0.8000000000        1.5293503619       -1.2685302000
        0.8250000000        1.5500792668       -1.2304362000
        0.8500000000        1.5708081717       -1.1923422000
        0.8750000000        1.5915370767       -1.1569692000
        0.9000000000        1.6122659816       -1.1243172000
        0.9250000000        1.6329948866       -1.0971072000
        0.9500000000        1.6537237915       -1.0753392000
        0.9750000000        1.6744526964       -1.0617342000
        1.0000000000        1.6951816014       -1.0576527000
 
        0.0000000000        0.8660254038       -0.6467817000
        0.0250000000        0.8867543087       -0.6454212000
        0.0500000000        0.9074832137       -0.6386187000
        0.0750000000        0.9282121186       -0.6290952000
        0.1000000000        0.9489410235       -0.6154902000
        0.1250000000        0.9696699285       -0.6005247000
        0.1500000000        0.9903988334       -0.5841987000
        0.1750000000        1.0111277384       -0.5665122000
        0.2000000000        1.0318566433       -0.5474652000
        0.2250000000        1.0525855482       -0.5284182000
        0.2500000000        1.0733144532       -0.5107317000
        0.2750000000        1.0940433581       -0.5188947000
        0.3000000000        1.1147722631       -0.5447442000
        0.3250000000        1.1355011680       -0.5760357000
        0.3500000000        1.1562300729       -0.6114087000
        0.3750000000        1.1769589779       -0.6522237000
        0.4000000000        1.1976878828       -0.6957597000
        0.4250000000        1.2184167878       -0.7406562000
        0.4500000000        1.2391456927       -0.7814712000
        0.4750000000        1.2598745976       -0.8018787000
        0.5000000000        1.2806035026       -0.7977972000
        0.5250000000        1.3013324075       -0.7882737000
        0.5500000000        1.3220613125       -0.7801107000
        0.5750000000        1.3427902174       -0.7719477000
        0.6000000000        1.3635191223       -0.7665057000
        0.6250000000        1.3842480273       -0.7624242000
        0.6500000000        1.4049769322       -0.7610637000
        0.6750000000        1.4257058372       -0.7624242000
        0.7000000000        1.4464347421       -0.7651452000
        0.7250000000        1.4671636470       -0.7719477000
        0.7500000000        1.4878925520       -0.7814712000
        0.7750000000        1.5086214569       -0.7923552000
        0.8000000000        1.5293503619       -0.8059602000
        0.8250000000        1.5500792668       -0.8209257000
        0.8500000000        1.5708081717       -0.8372517000
        0.8750000000        1.5915370767       -0.8549382000
        0.9000000000        1.6122659816       -0.8726247000
        0.9250000000        1.6329948866       -0.8889507000
        0.9500000000        1.6537237915       -0.9025557000
        0.9750000000        1.6744526964       -0.9107187000
        1.0000000000        1.6951816014       -0.9148002000
 
        0.0000000000        0.8660254038       -0.6413397000
        0.0250000000        0.8867543087       -0.6358977000
        0.0500000000        0.9074832137       -0.6127692000
        0.0750000000        0.9282121186       -0.5814777000
        0.1000000000        0.9489410235       -0.5501862000
        0.1250000000        0.9696699285       -0.5229762000
        0.1500000000        0.9903988334       -0.5025687000
        0.1750000000        1.0111277384       -0.4903242000
        0.2000000000        1.0318566433       -0.4862427000
        0.2250000000        1.0525855482       -0.4889637000
        0.2500000000        1.0733144532       -0.4998477000
        0.2750000000        1.0940433581       -0.4916847000
        0.3000000000        1.1147722631       -0.4739982000
        0.3250000000        1.1355011680       -0.4576722000
        0.3500000000        1.1562300729       -0.4427067000
        0.3750000000        1.1769589779       -0.4291017000
        0.4000000000        1.1976878828       -0.4182177000
        0.4250000000        1.2184167878       -0.4086942000
        0.4500000000        1.2391456927       -0.4005312000
        0.4750000000        1.2598745976       -0.3950892000
        0.5000000000        1.2806035026       -0.3910077000
        0.5250000000        1.3013324075       -0.3896472000
        0.5500000000        1.3220613125       -0.3910077000
        0.5750000000        1.3427902174       -0.3937287000
        0.6000000000        1.3635191223       -0.3991707000
        0.6250000000        1.3842480273       -0.4073337000
        0.6500000000        1.4049769322       -0.4182177000
        0.6750000000        1.4257058372       -0.4304622000
        0.7000000000        1.4464347421       -0.4454277000
        0.7250000000        1.4671636470       -0.4631142000
        0.7500000000        1.4878925520       -0.4821612000
        0.7750000000        1.5086214569       -0.5025687000
        0.8000000000        1.5293503619       -0.5243367000
        0.8250000000        1.5500792668       -0.5474652000
        0.8500000000        1.5708081717       -0.5678727000
        0.8750000000        1.5915370767       -0.5923617000
        0.9000000000        1.6122659816       -0.6141297000
        0.9250000000        1.6329948866       -0.6345372000
        0.9500000000        1.6537237915       -0.6508632000
        0.9750000000        1.6744526964       -0.6631077000
        1.0000000000        1.6951816014       -0.6658287000
 
        0.0000000000        0.8660254038        5.5938318000
        0.0250000000        0.8867543087        5.6074368000
        0.0500000000        0.9074832137        5.6441703000
        0.0750000000        0.9282121186        5.7067533000
        0.1000000000        0.9489410235        5.7897438000
        0.1250000000        0.9696699285        5.8931418000
        0.1500000000        0.9903988334        6.0115053000
        0.1750000000        1.0111277384        6.1421133000
        0.2000000000        1.0318566433        6.2795238000
        0.2250000000        1.0525855482        6.4114923000
        0.2500000000        1.0733144532        6.5325768000
        0.2750000000        1.0940433581        6.6264513000
        0.3000000000        1.1147722631        6.6917553000
        0.3250000000        1.1355011680        6.7339308000
        0.3500000000        1.1562300729        6.7638618000
        0.3750000000        1.1769589779        6.7856298000
        0.4000000000        1.1976878828        6.8060373000
        0.4250000000        1.2184167878        6.8250843000
        0.4500000000        1.2391456927        6.8482128000
        0.4750000000        1.2598745976        6.8727018000
        0.5000000000        1.2806035026        6.8999118000
        0.5250000000        1.3013324075        6.9298428000
        0.5500000000        1.3220613125        6.9624948000
        0.5750000000        1.3427902174        6.9965073000
        0.6000000000        1.3635191223        7.0346013000
        0.6250000000        1.3842480273        7.0726953000
        0.6500000000        1.4049769322        7.1094288000
        0.6750000000        1.4257058372        7.1488833000
        0.7000000000        1.4464347421        7.1856168000
        0.7250000000        1.4671636470        7.2237108000
        0.7500000000        1.4878925520        7.2590838000
        0.7750000000        1.5086214569        7.2944568000
        0.8000000000        1.5293503619        7.3271088000
        0.8250000000        1.5500792668        7.3556793000
        0.8500000000        1.5708081717        7.3828893000
        0.8750000000        1.5915370767        7.4060178000
        0.9000000000        1.6122659816        7.4237043000
        0.9250000000        1.6329948866        7.4332278000
        0.9500000000        1.6537237915        7.4373093000
        0.9750000000        1.6744526964        7.4386698000
        1.0000000000        1.6951816014        7.4386698000
 
        0.0000000000        0.8660254038        7.4686008000
        0.0250000000        0.8867543087        7.4645193000
        0.0500000000        0.9074832137        7.4495538000
        0.0750000000        0.9282121186        7.4237043000
        0.1000000000        0.9489410235        7.3910523000
        0.1250000000        0.9696699285        7.3556793000
        0.1500000000        0.9903988334        7.3230273000
        0.1750000000        1.0111277384        7.2985383000
        0.2000000000        1.0318566433        7.2862938000
        0.2250000000        1.0525855482        7.2971778000
        0.2500000000        1.0733144532        7.3379928000
        0.2750000000        1.0940433581        7.4182623000
        0.3000000000        1.1147722631        7.4495538000
        0.3250000000        1.1355011680        7.4481933000
        0.3500000000        1.1562300729        7.4454723000
        0.3750000000        1.1769589779        7.4441118000
        0.4000000000        1.1976878828        7.4427513000
        0.4250000000        1.2184167878        7.4413908000
        0.4500000000        1.2391456927        7.4400303000
        0.4750000000        1.2598745976        7.4386698000
        0.5000000000        1.2806035026        7.4386698000
        0.5250000000        1.3013324075        7.4386698000
        0.5500000000        1.3220613125        7.4400303000
        0.5750000000        1.3427902174        7.4400303000
        0.6000000000        1.3635191223        7.4413908000
        0.6250000000        1.3842480273        7.4413908000
        0.6500000000        1.4049769322        7.4413908000
        0.6750000000        1.4257058372        7.4413908000
        0.7000000000        1.4464347421        7.4427513000
        0.7250000000        1.4671636470        7.4427513000
        0.7500000000        1.4878925520        7.4427513000
        0.7750000000        1.5086214569        7.4427513000
        0.8000000000        1.5293503619        7.4427513000
        0.8250000000        1.5500792668        7.4427513000
        0.8500000000        1.5708081717        7.4454723000
        0.8750000000        1.5915370767        7.4468328000
        0.9000000000        1.6122659816        7.4481933000
        0.9250000000        1.6329948866        7.4536353000
        0.9500000000        1.6537237915        7.4617983000
        0.9750000000        1.6744526964        7.4672403000
        1.0000000000        1.6951816014        7.4686008000
 
        0.0000000000        0.8660254038        7.4890083000
        0.0250000000        0.8867543087        7.4849268000
        0.0500000000        0.9074832137        7.4794848000
        0.0750000000        0.9282121186        7.4767638000
        0.1000000000        0.9489410235        7.4740428000
        0.1250000000        0.9696699285        7.4713218000
        0.1500000000        0.9903988334        7.4686008000
        0.1750000000        1.0111277384        7.4658798000
        0.2000000000        1.0318566433        7.4631588000
        0.2250000000        1.0525855482        7.4604378000
        0.2500000000        1.0733144532        7.4577168000
        0.2750000000        1.0940433581        7.4549958000
        0.3000000000        1.1147722631        7.5447888000
        0.3250000000        1.1355011680        7.7039673000
        0.3500000000        1.1562300729        7.8862743000
        0.3750000000        1.1769589779        8.0849073000
        0.4000000000        1.1976878828        8.2930638000
        0.4250000000        1.2184167878        8.5066623000
        0.4500000000        1.2391456927        8.7202608000
        0.4750000000        1.2598745976        8.9352198000
        0.5000000000        1.2806035026        9.1460973000
        0.5250000000        1.3013324075        9.3542538000
        0.5500000000        1.3220613125        9.5610498000
        0.5750000000        1.3427902174        9.7583223000
        0.6000000000        1.3635191223        9.9610368000
        0.6250000000        1.3842480273       10.1447043000
        0.6500000000        1.4049769322       10.3215693000
        0.6750000000        1.4257058372       10.4902713000
        0.7000000000        1.4464347421       10.6494498000
        0.7250000000        1.4671636470       10.8018258000
        0.7500000000        1.4878925520       10.9446783000
        0.7750000000        1.5086214569       11.0793678000
        0.8000000000        1.5293503619       11.2058943000
        0.8250000000        1.5500792668       11.3228973000
        0.8500000000        1.5708081717       11.4330978000
        0.8750000000        1.5915370767       11.5351353000
        0.9000000000        1.6122659816       11.6276493000
        0.9250000000        1.6329948866       11.7120003000
        0.9500000000        1.6537237915       11.7841068000
        0.9750000000        1.6744526964       11.8385268000
        1.0000000000        1.6951816014       11.8602948000
 
        0.0000000000        0.8660254038        9.4304418000
        0.0250000000        0.8867543087        9.4426863000
        0.0500000000        0.9074832137        9.4862223000
        0.0750000000        0.9282121186        9.5583288000
        0.1000000000        0.9489410235        9.6549243000
        0.1250000000        0.9696699285        9.7705668000
        0.1500000000        0.9903988334        9.9038958000
        0.1750000000        1.0111277384       10.0508298000
        0.2000000000        1.0318566433       10.2100083000
        0.2250000000        1.0525855482       10.3787103000
        0.2500000000        1.0733144532       10.5555753000
        0.2750000000        1.0940433581       10.7378823000
        0.3000000000        1.1147722631       10.9256313000
        0.3250000000        1.1355011680       11.1174618000
        0.3500000000        1.1562300729       11.3106528000
        0.3750000000        1.1769589779       11.5052043000
        0.4000000000        1.1976878828       11.6997558000
        0.4250000000        1.2184167878       11.8915863000
        0.4500000000        1.2391456927       12.0806958000
        0.4750000000        1.2598745976       12.2616423000
        0.5000000000        1.2806035026       12.4344258000
        0.5250000000        1.3013324075       12.5936043000
        0.5500000000        1.3220613125       12.7337358000
        0.5750000000        1.3427902174       12.8480178000
        0.6000000000        1.3635191223       12.9296478000
        0.6250000000        1.3842480273       12.9745443000
        0.6500000000        1.4049769322       12.9786258000
        0.6750000000        1.4257058372       12.9527763000
        0.7000000000        1.4464347421       12.9065193000
        0.7250000000        1.4671636470       12.8452968000
        0.7500000000        1.4878925520       12.7759113000
        0.7750000000        1.5086214569       12.7024443000
        0.8000000000        1.5293503619       12.6276168000
        0.8250000000        1.5500792668       12.5527893000
        0.8500000000        1.5708081717       12.4779618000
        0.8750000000        1.5915370767       12.4058553000
        0.9000000000        1.6122659816       12.3351093000
        0.9250000000        1.6329948866       12.2684448000
        0.9500000000        1.6537237915       12.2072223000
        0.9750000000        1.6744526964       12.1596048000
        1.0000000000        1.6951816014       12.1405578000
 
        0.0000000000        0.8660254038       15.1663098000
        0.0250000000        0.8867543087       15.1622283000
        0.0500000000        0.9074832137       15.1527048000
        0.0750000000        0.9282121186       15.1377393000
        0.1000000000        0.9489410235       15.1159713000
        0.1250000000        0.9696699285       15.0901218000
        0.1500000000        0.9903988334       15.0574698000
        0.1750000000        1.0111277384       15.0193758000
        0.2000000000        1.0318566433       14.9772003000
        0.2250000000        1.0525855482       14.9295828000
        0.2500000000        1.0733144532       14.8778838000
        0.2750000000        1.0940433581       14.8221033000
        0.3000000000        1.1147722631       14.7622413000
        0.3250000000        1.1355011680       14.6982978000
        0.3500000000        1.1562300729       14.6316333000
        0.3750000000        1.1769589779       14.5608873000
        0.4000000000        1.1976878828       14.4887808000
        0.4250000000        1.2184167878       14.4125928000
        0.4500000000        1.2391456927       14.3364048000
        0.4750000000        1.2598745976       14.2588563000
        0.5000000000        1.2806035026       14.1840288000
        0.5250000000        1.3013324075       14.1132828000
        0.5500000000        1.3220613125       14.0506998000
        0.5750000000        1.3427902174       14.0030823000
        0.6000000000        1.3635191223       13.9745118000
        0.6250000000        1.3842480273       13.9731513000
        0.6500000000        1.4049769322       13.9853958000
        0.6750000000        1.4257058372       14.0098848000
        0.7000000000        1.4464347421       14.0357343000
        0.7250000000        1.4671636470       14.0561418000
        0.7500000000        1.4878925520       14.0629443000
        0.7750000000        1.5086214569       14.0711073000
        0.8000000000        1.5293503619       14.0779098000
        0.8250000000        1.5500792668       14.0833518000
        0.8500000000        1.5708081717       14.0901543000
        0.8750000000        1.5915370767       14.1023988000
        0.9000000000        1.6122659816       14.1187248000
        0.9250000000        1.6329948866       14.1404928000
        0.9500000000        1.6537237915       14.1677028000
        0.9750000000        1.6744526964       14.1949128000
        1.0000000000        1.6951816014       14.2057968000
 
        0.0000000000        0.8660254038       18.3553218000
        0.0250000000        0.8867543087       18.3403563000
        0.0500000000        0.9074832137       18.2968203000
        0.0750000000        0.9282121186       18.2260743000
        0.1000000000        0.9489410235       18.1294788000
        0.1250000000        0.9696699285       18.0097548000
        0.1500000000        0.9903988334       17.8723443000
        0.1750000000        1.0111277384       17.7199683000
        0.2000000000        1.0318566433       17.5553478000
        0.2250000000        1.0525855482       17.3812038000
        0.2500000000        1.0733144532       17.2016178000
        0.2750000000        1.0940433581       17.0179503000
        0.3000000000        1.1147722631       16.8342828000
        0.3250000000        1.1355011680       16.6506153000
        0.3500000000        1.1562300729       16.4710293000
        0.3750000000        1.1769589779       16.2955248000
        0.4000000000        1.1976878828       16.1268228000
        0.4250000000        1.2184167878       15.9676443000
        0.4500000000        1.2391456927       15.8179893000
        0.4750000000        1.2598745976       15.6792183000
        0.5000000000        1.2806035026       15.5526918000
        0.5250000000        1.3013324075       15.4397703000
        0.5500000000        1.3220613125       15.3418143000
        0.5750000000        1.3427902174       15.2601843000
        0.6000000000        1.3635191223       15.1948803000
        0.6250000000        1.3842480273       15.1663098000
        0.6500000000        1.4049769322       15.1431813000
        0.6750000000        1.4257058372       15.1418208000
        0.7000000000        1.4464347421       15.1635888000
        0.7250000000        1.4671636470       15.2044038000
        0.7500000000        1.4878925520       15.2520213000
        0.7750000000        1.5086214569       15.2656263000
        0.8000000000        1.5293503619       15.1309368000
        0.8250000000        1.5500792668       14.9948868000
        0.8500000000        1.5708081717       14.8697208000
        0.8750000000        1.5915370767       14.7540783000
        0.9000000000        1.6122659816       14.6493198000
        0.9250000000        1.6329948866       14.5554453000
        0.9500000000        1.6537237915       14.4778968000
        0.9750000000        1.6744526964       14.4207558000
        1.0000000000        1.6951816014       14.3949063000
 
        0.0000000000        0.8660254038       18.3553218000
        0.0250000000        0.8867543087       18.3607638000
        0.0500000000        0.9074832137       18.3770898000
        0.0750000000        0.9282121186       18.4029393000
        0.1000000000        0.9489410235       18.4383123000
        0.1250000000        0.9696699285       18.4832088000
        0.1500000000        0.9903988334       18.5389893000
        0.1750000000        1.0111277384       18.6015723000
        0.2000000000        1.0318566433       18.6723183000
        0.2250000000        1.0525855482       18.7512273000
        0.2500000000        1.0733144532       18.8355783000
        0.2750000000        1.0940433581       18.9253713000
        0.3000000000        1.1147722631       19.0206063000
        0.3250000000        1.1355011680       18.8165313000
        0.3500000000        1.1562300729       18.5798043000
        0.3750000000        1.1769589779       18.3457983000
        0.4000000000        1.1976878828       18.1145133000
        0.4250000000        1.2184167878       17.8873098000
        0.4500000000        1.2391456927       17.6641878000
        0.4750000000        1.2598745976       17.4478683000
        0.5000000000        1.2806035026       17.2356303000
        0.5250000000        1.3013324075       17.0288343000
        0.5500000000        1.3220613125       16.8329223000
        0.5750000000        1.3427902174       16.6383708000
        0.6000000000        1.3635191223       16.4547033000
        0.6250000000        1.3842480273       16.2710358000
        0.6500000000        1.4049769322       16.0928103000
        0.6750000000        1.4257058372       15.9200268000
        0.7000000000        1.4464347421       15.7513248000
        0.7250000000        1.4671636470       15.5880648000
        0.7500000000        1.4878925520       15.4329678000
        0.7750000000        1.5086214569       15.3390933000
        0.8000000000        1.5293503619       15.4098393000
        0.8250000000        1.5500792668       15.4914693000
        0.8500000000        1.5708081717       15.5730993000
        0.8750000000        1.5915370767       15.6547293000
        0.9000000000        1.6122659816       15.7336383000
        0.9250000000        1.6329948866       15.8111868000
        0.9500000000        1.6537237915       15.8860143000
        0.9750000000        1.6744526964       15.9594813000
        1.0000000000        1.6951816014       16.0207038000
 
